0 0.09921875 0.946875 0.01953125 0.0296875
0 0.06015625 0.74375 0.01015625 0.0296875
0 0.0359375 0.6859375 0.01484375 0.02421875
0 0.10625 0.51640625 0.015625 0.02578125
0 0.1328125 0.5734375 0.0171875 0.02890625
0 0.234375 0.41796875 0.01875 0.02734375
0 0.33125 0.46015625 0.0203125 0.025
0 0.3578125 0.45234375 0.01953125 0.028125
0 0.37734375 0.4921875 0.01953125 0.03125
0 0.4765625 0.56953125 0.02734375 0.03203125
0 0.48515625 0.54375 0.0234375 0.03359375
0 0.5359375 0.621875 0.02265625 0.03828125
0 0.575 0.69765625 0.01953125 0.04375
0 0.56640625 0.790625 0.01640625 0.04140625
0 0.53515625 0.8828125 0.0265625 0.0453125
0 0.38515625 0.7828125 0.02421875 0.03828125
0 0.4140625 0.73359375 0.02109375 0.03671875
0 0.459375 0.659375 0.021875 0.03671875
0 0.39609375 0.9859375 0.03203125 0.028125
0 0.27890625 0.86484375 0.02578125 0.0484375
0 0.2859375 0.82578125 0.02421875 0.03984375
0 0.31015625 0.78984375 0.0234375 0.0390625
0 0.34453125 0.740625 0.021875 0.03515625
0 0.35546875 0.71953125 0.021875 0.034375
0 0.38671875 0.67421875 0.02265625 0.03515625
0 0.3671875 0.6140625 0.0203125 0.0265625
0 0.375 0.5984375 0.02265625 0.03125
0 0.31953125 0.6 0.02109375 0.028125
0 0.3390625 0.65703125 0.01875 0.03046875
0 0.328125 0.67109375 0.0234375 0.03125
0 0.30625 0.70078125 0.02109375 0.034375
0 0.2578125 0.684375 0.02109375 0.03359375
0 0.27890625 0.65625 0.01953125 0.0328125
0 0.26796875 0.63046875 0.01953125 0.0296875
0 0.2578125 0.6453125 0.01875 0.0265625
0 0.2484375 0.66015625 0.01875 0.025
0 0.21875 0.74453125 0.01875 0.03125
0 0.19609375 0.73125 0.01640625 0.028125
0 0.184375 0.74375 0.0203125 0.0296875
0 0.16484375 0.77421875 0.0171875 0.03203125
0 0.18671875 0.79453125 0.021875 0.03515625
0 0.16328125 0.821875 0.01875 0.0328125
0 0.146875 0.80625 0.01640625 0.03125
0 0.2 0.9421875 0.021875 0.0328125
0 0.11953125 0.8828125 0.0265625 0.03203125
0 0.0921875 0.82109375 0.02109375 0.03515625
0 0.0875 0.803125 0.0171875 0.025
0 0.0875 0.78359375 0.02109375 0.025
0 0.1265625 0.75703125 0.01640625 0.0296875
0 0.16484375 0.69921875 0.01953125 0.034375
0 0.18359375 0.67265625 0.01796875 0.03203125
0 0.20390625 0.64453125 0.0171875 0.03203125
0 0.2140625 0.62890625 0.01640625 0.0328125
0 0.24296875 0.59453125 0.01640625 0.0296875
0 0.253125 0.58203125 0.0171875 0.028125
0 0.26328125 0.56875 0.01875 0.03125
0 0.28046875 0.54453125 0.015625 0.03046875
0 0.2578125 0.5421875 0.01640625 0.02578125
0 0.24765625 0.5546875 0.01875 0.02734375
0 0.22890625 0.57734375 0.01640625 0.028125
0 0.203125 0.53359375 0.02109375 0.04140625
0 0.178125 0.57890625 0.01796875 0.03359375
0 0.1609375 0.6078125 0.01328125 0.02734375
0 0.1484375 0.6203125 0.0140625 0.028125
0 0.14140625 0.63125 0.01484375 0.0234375
0 0.134375 0.6453125 0.015625 0.02578125
0 0.125 0.65625 0.01484375 0.0265625
0 0.11796875 0.66875 0.01640625 0.0265625
0 0.09921875 0.71015625 0.01640625 0.028125
0 0.096875 0.72890625 0.015625 0.025
0 0.090625 0.7453125 0.01640625 0.0265625
0 0.0859375 0.76171875 0.0171875 0.02109375
0 0.15234375 0.68046875 0.015625 0.0296875
0 0.1625 0.66796875 0.01484375 0.02265625
0 0.1703125 0.6546875 0.01484375 0.02734375
0 0.1890625 0.6265625 0.01640625 0.02890625
0 0.2 0.61328125 0.01484375 0.03125
0 0.0703125 0.89296875 0.01484375 0.03125
0 0.71953125 0.81953125 0.01640625 0.04296875
0 0.69921875 0.71484375 0.02734375 0.03828125
0 0.8015625 0.66953125 0.01953125 0.0328125
0 0.84453125 0.82421875 0.02109375 0.03671875
0 0.82578125 0.83828125 0.02109375 0.03359375
0 0.91328125 0.8859375 0.01875 0.03125
0 0.96171875 0.91796875 0.01640625 0.02890625
0 0.9640625 0.8453125 0.01328125 0.0296875
0 0.9828125 0.81953125 0.01328125 0.0265625
0 0.7921875 0.609375 0.01171875 0.03046875
0 0.76875 0.590625 0.01328125 0.02890625
0 0.7453125 0.56875 0.0125 0.028125
0 0.703125 0.53515625 0.01796875 0.0265625
0 0.71015625 0.45859375 0.01796875 0.02578125
0 0.74609375 0.4828125 0.0171875 0.02578125
0 0.771875 0.49921875 0.01875 0.028125
0 0.796875 0.52265625 0.0171875 0.028125
0 0.821875 0.5390625 0.01953125 0.03203125
0 0.84453125 0.5609375 0.015625 0.0296875
0 0.87890625 0.5875 0.01484375 0.02421875
0 0.90234375 0.60703125 0.01171875 0.02109375
0 0.9203125 0.60390625 0.009375 0.0265625
0 0.934375 0.61484375 0.00859375 0.03046875
0 0.94375 0.62421875 0.0078125 0.028125
0 0.9515625 0.634375 0.009375 0.0296875
0 0.93671875 0.65625 0.01171875 0.0234375
0 0.953125 0.67421875 0.01484375 0.0265625
0 0.9921875 0.6921875 0.0109375 0.01953125
0 0.9625 0.7515625 0.00625 0.03359375
0 0.9703125 0.75859375 0.00625 0.03359375
0 0.98046875 0.77109375 0.00546875 0.03515625
0 0.98828125 0.778125 0.00703125 0.03515625
0 0.9953125 0.784375 0.00625 0.0328125
0 0.99609375 0.834375 0.00703125 0.02578125
0 0.82578125 0.63671875 0.01015625 0.03671875
0 0.86015625 0.659375 0.01015625 0.03515625
0 0.671875 0.43203125 0.02109375 0.03359375
0 0.64609375 0.41328125 0.0203125 0.03203125
0 0.63046875 0.396875 0.01640625 0.02421875
0 0.621875 0.365625 0.01171875 0.02265625
0 0.6359375 0.340625 0.01640625 0.0203125
0 0.65 0.328125 0.01640625 0.0234375
0 0.653125 0.321875 0.015625 0.02265625
0 0.65703125 0.31484375 0.015625 0.02265625
0 0.66484375 0.303125 0.01875 0.02421875
0 0.6671875 0.296875 0.0171875 0.0203125
0 0.67109375 0.29140625 0.01640625 0.02109375
0 0.67109375 0.2828125 0.01328125 0.02421875
0 0.67578125 0.2765625 0.01328125 0.0265625
0 0.6265625 0.246875 0.015625 0.01796875
0 0.6203125 0.25078125 0.01875 0.02421875
0 0.60859375 0.265625 0.015625 0.01484375
0 0.6046875 0.27734375 0.0140625 0.01484375
0 0.603125 0.2875 0.01796875 0.01875
0 0.596875 0.31328125 0.0171875 0.01875
0 0.58984375 0.32421875 0.01875 0.01640625
0 0.57109375 0.3453125 0.01640625 0.02109375
0 0.32109375 0.21171875 0.01171875 0.0203125
0 0.35625 0.18046875 0.01015625 0.0171875
0 0.35390625 0.2578125 0.0140625 0.02265625
0 0.45 0.24765625 0.009375 0.0203125
0 0.44765625 0.1203125 0.0078125 0.01640625
0 0.390625 0.1265625 0.009375 0.01328125
0 0.3875 0.09375 0.0078125 0.0125
0 0.425 0.1046875 0.0078125 0.01015625
0 0.16640625 0.3328125 0.0109375 0.0125
0 0.140625 0.35 0.009375 0.01328125
0 0.13828125 0.35859375 0.0140625 0.0125
0 0.1 0.39765625 0.0140625 0.01640625
0 0.11484375 0.4140625 0.01328125 0.01875