0 0.859375 0.49140625 0.06015625 0.07421875
0 0.87890625 0.675 0.0671875 0.09921875
0 0.73125 0.665625 0.05546875 0.08125
0 0.675 0.7375 0.059375 0.084375
0 0.64609375 0.77734375 0.0546875 0.0859375
0 0.64140625 0.58671875 0.0546875 0.0734375
0 0.66953125 0.553125 0.053125 0.06875
0 0.74453125 0.453125 0.05546875 0.07265625
0 0.7671875 0.42421875 0.0515625 0.06953125
0 0.809375 0.559375 0.0546875 0.07265625
0 0.83359375 0.3265625 0.0515625 0.0609375
0 0.8578125 0.30234375 0.05625 0.06484375
0 0.7 0.334375 0.05625 0.0671875
0 0.72421875 0.3015625 0.0484375 0.0671875
0 0.6265625 0.1921875 0.03984375 0.05546875
0 0.5828125 0.2390625 0.0484375 0.06953125
0 0.56328125 0.2671875 0.0390625 0.05546875
0 0.596875 0.365625 0.04296875 0.0640625
0 0.62265625 0.42109375 0.0484375 0.06875
0 0.59765625 0.4515625 0.05546875 0.0734375
0 0.5734375 0.48359375 0.0515625 0.07265625
0 0.52265625 0.4609375 0.04296875 0.06015625
0 0.52421875 0.54375 0.0484375 0.075
0 0.478125 0.60859375 0.04453125 0.06953125
0 0.45078125 0.55 0.040625 0.0625
0 0.4234375 0.57890625 0.0421875 0.065625
0 0.4015625 0.7109375 0.04765625 0.07890625
0 0.37109375 0.73515625 0.0515625 0.0875
0 0.3484375 0.66875 0.04375 0.07734375
0 0.30234375 0.7359375 0.03671875 0.0671875
0 0.37109375 0.90078125 0.05546875 0.0953125
0 0.40546875 0.9703125 0.0671875 0.05859375
0 0.2390625 0.89296875 0.053125 0.090625
0 0.21953125 0.86640625 0.046875 0.07734375
0 0.09296875 0.86015625 0.03671875 0.08359375
0 0.08046875 0.70390625 0.03671875 0.09609375
0 0.10546875 0.56015625 0.04609375 0.1
0 0.1578125 0.73515625 0.04609375 0.0515625
0 0.159375 0.69296875 0.05234375 0.04921875
0 0.165625 0.6140625 0.0453125 0.0484375
0 0.25625 0.634375 0.0328125 0.0671875
0 0.32578125 0.54609375 0.03984375 0.06953125
0 0.34765625 0.51328125 0.04375 0.07890625
0 0.33984375 0.45 0.03984375 0.0578125
0 0.29453125 0.50546875 0.0390625 0.059375
0 0.190625 0.53515625 0.04296875 0.065625
0 0.21875 0.48046875 0.04375 0.0671875
0 0.234375 0.44609375 0.03671875 0.0703125
0 0.25078125 0.41953125 0.040625 0.06875
0 0.3125 0.34375 0.0390625 0.06953125
0 0.33203125 0.31953125 0.03671875 0.06171875
0 0.3578125 0.28984375 0.0375 0.0640625
0 0.378125 0.2578125 0.0484375 0.08203125
0 0.384375 0.39375 0.03984375 0.05703125
0 0.40703125 0.36328125 0.040625 0.06015625
0 0.43203125 0.340625 0.034375 0.0578125
0 0.465625 0.37109375 0.040625 0.065625
0 0.453125 0.30859375 0.0375 0.0578125
0 0.5234375 0.2359375 0.04296875 0.05625
0 0.5484375 0.2109375 0.0421875 0.059375
0 0.4875 0.10546875 0.06328125 0.10390625
0 0.51328125 0.0859375 0.04375 0.0625
0 0.20234375 0.3015625 0.0484375 0.0828125
0 0.07421875 0.45703125 0.0484375 0.078125
0 0.02890625 0.3796875 0.0390625 0.0734375
0 0.07109375 0.28671875 0.03984375 0.07265625
0 0.1078125 0.26796875 0.04296875 0.07890625
0 0.14453125 0.18203125 0.0359375 0.07734375
0 0.2078125 0.12890625 0.04609375 0.07890625
0 0.26875 0.0484375 0.03828125 0.0609375
0 0.81015625 0.04765625 0.04765625 0.0609375
0 0.92890625 0.12109375 0.0546875 0.06484375