0 0.0453125 0.6640625 0.03984375 0.05390625
0 0.09921875 0.64921875 0.04296875 0.0640625
0 0.06171875 0.621875 0.03671875 0.0484375
0 0.01171875 0.6453125 0.0234375 0.04921875
0 0.1484375 0.59453125 0.0375 0.06015625
0 0.175 0.6203125 0.0515625 0.06015625
0 0.234375 0.4953125 0.03359375 0.046875
0 0.2171875 0.56484375 0.05625 0.0703125
0 0.2515625 0.596875 0.04765625 0.0578125
0 0.29609375 0.54453125 0.046875 0.0515625
0 0.321875 0.565625 0.05546875 0.065625
0 0.3234375 0.60859375 0.05546875 0.05625
0 0.3046875 0.6625 0.05546875 0.0625
0 0.33515625 0.728125 0.05546875 0.07890625
0 0.37421875 0.7078125 0.05078125 0.071875
0 0.4109375 0.67890625 0.0828125 0.11015625
0 0.45625 0.678125 0.05078125 0.071875
0 0.48203125 0.66171875 0.05390625 0.065625
0 0.3703125 0.52109375 0.05 0.05859375
0 0.4109375 0.534375 0.05078125 0.05859375
0 0.35234375 0.4609375 0.0375 0.040625
0 0.37734375 0.44921875 0.0359375 0.0421875
0 0.39765625 0.44296875 0.03828125 0.040625
0 0.42890625 0.36484375 0.0234375 0.034375
0 0.4328125 0.34765625 0.02265625 0.03125
0 0.4796875 0.509375 0.0453125 0.04375
0 0.44765625 0.49140625 0.03671875 0.05
0 0.78984375 0.73046875 0.046875 0.08046875
0 0.90078125 0.853125 0.0453125 0.07109375
0 0.5828125 0.59609375 0.04921875 0.0578125
0 0.56328125 0.61484375 0.05234375 0.065625
0 0.5421875 0.63671875 0.0515625 0.06875
0 0.4921875 0.47734375 0.04140625 0.04453125
0 0.53203125 0.534375 0.04375 0.0453125
0 0.54140625 0.4890625 0.03828125 0.04140625
0 0.553125 0.44375 0.0578125 0.07265625
0 0.58671875 0.47421875 0.03984375 0.046875
0 0.609375 0.43515625 0.03828125 0.05078125
0 0.63125 0.45546875 0.03671875 0.0421875
0 0.696875 0.4578125 0.03125 0.040625
0 0.67734375 0.43359375 0.028125 0.04296875
0 0.70234375 0.40078125 0.025 0.0375
0 0.71328125 0.42421875 0.02734375 0.0328125
0 0.75703125 0.46015625 0.02578125 0.034375
0 0.5359375 0.35703125 0.02890625 0.02890625
0 0.48203125 0.36875 0.02578125 0.034375
0 0.46171875 0.3375 0.02265625 0.03828125
0 0.47890625 0.33203125 0.02265625 0.040625
0 0.4953125 0.3328125 0.02265625 0.0328125
0 0.51171875 0.328125 0.025 0.0359375
0 0.54296875 0.32421875 0.02421875 0.03359375
0 0.56328125 0.32421875 0.025 0.034375
0 0.5703125 0.3484375 0.02734375 0.02734375
0 0.57890625 0.32109375 0.0234375 0.02890625
0 0.61640625 0.36875 0.02734375 0.03203125
0 0.59453125 0.37890625 0.02578125 0.03515625
0 0.57734375 0.38359375 0.02578125 0.0375
0 0.87265625 0.31015625 0.01015625 0.015625
0 0.84921875 0.3390625 0.01171875 0.01875
0 0.83515625 0.34765625 0.01484375 0.02109375
0 0.81484375 0.340625 0.015625 0.01953125
0 0.82109375 0.35390625 0.015625 0.025
0 0.80234375 0.36640625 0.021875 0.028125
0 0.78203125 0.35703125 0.01875 0.028125
0 0.7875 0.378125 0.01953125 0.03359375
0 0.44765625 0.26875 0.02421875 0.01953125
0 0.4984375 0.2609375 0.028125 0.0296875
0 0.55390625 0.2578125 0.02109375 0.03046875
0 0.58125 0.2765625 0.02421875 0.03203125
0 0.60390625 0.30703125 0.021875 0.03046875
0 0.61953125 0.3296875 0.02578125 0.03828125
0 0.64375 0.32421875 0.02421875 0.0375
0 0.61484375 0.30234375 0.02734375 0.03359375
0 0.6296875 0.32578125 0.0265625 0.03515625