0 0.3546875 0.6078125 0.0484375 0.05234375
0 0.3640625 0.63125 0.05 0.05234375
0 0.3671875 0.659375 0.04765625 0.046875
0 0.378125 0.6875 0.05234375 0.05859375
0 0.39765625 0.746875 0.04921875 0.0578125
0 0.4921875 0.58828125 0.040625 0.04921875
0 0.53828125 0.65390625 0.04921875 0.05625
0 0.70546875 0.59609375 0.04140625 0.0515625
0 0.74609375 0.65390625 0.04921875 0.05703125
0 0.80859375 0.72421875 0.04765625 0.05703125
0 0.8828125 0.79453125 0.04765625 0.06953125
0 0.3609375 0.4296875 0.04765625 0.0515625
0 0.50625 0.34609375 0.0140625 0.02734375
0 0.1953125 0.43984375 0.02578125 0.0296875
0 0.2234375 0.40078125 0.021875 0.02890625
0 0.30390625 0.3671875 0.0234375 0.021875
0 0.50625 0.32890625 0.01484375 0.025
0 0.50234375 0.30390625 0.009375 0.02265625
0 0.74140625 0.4890625 0.03359375 0.0390625
0 0.753125 0.47734375 0.02734375 0.040625
0 0.6828125 0.45546875 0.02890625 0.034375
0 0.74765625 0.41328125 0.021875 0.03359375