0 0.765625 0.8328125 0.05859375 0.10625
0 0.646875 0.778125 0.05703125 0.0875
0 0.70390625 0.69765625 0.05859375 0.084375
0 0.734375 0.6640625 0.0546875 0.07734375
0 0.821875 0.6546875 0.06171875 0.1015625
0 0.953125 0.5859375 0.0578125 0.0828125
0 0.8109375 0.56015625 0.05625 0.06796875
0 0.6703125 0.55 0.0546875 0.07109375
0 0.61640625 0.6171875 0.053125 0.0703125
0 0.40859375 0.9671875 0.06015625 0.06484375
0 0.2203125 0.86796875 0.04375 0.084375
0 0.1609375 0.734375 0.04375 0.05234375
0 0.08828125 0.61484375 0.05625 0.21796875
0 0.071875 0.50390625 0.0984375 0.16640625
0 0.21875 0.27578125 0.03984375 0.06796875
0 0.3125 0.3421875 0.03984375 0.0640625
0 0.33671875 0.3171875 0.0328125 0.05859375
0 0.3796875 0.25625 0.04609375 0.07734375
0 0.25234375 0.4171875 0.0375 0.06328125
0 0.2375 0.44921875 0.03515625 0.0578125
0 0.1921875 0.5328125 0.0421875 0.065625
0 0.16875 0.61328125 0.04375 0.04765625
0 0.1609375 0.6484375 0.04296875 0.04609375
0 0.1609375 0.6890625 0.053125 0.053125
0 0.30234375 0.73203125 0.03984375 0.06640625
0 0.346875 0.7640625 0.04375 0.07421875
0 0.371875 0.734375 0.04921875 0.084375
0 0.4890625 0.10546875 0.0671875 0.10234375
0 0.51953125 0.08984375 0.03828125 0.05546875
0 0.6296875 0.190625 0.0375 0.0546875
0 0.7015625 0.25390625 0.04609375 0.06484375
0 0.7265625 0.3015625 0.04921875 0.0640625
0 0.8609375 0.30234375 0.05625 0.059375
0 0.79296875 0.3953125 0.05546875 0.0640625
0 0.76953125 0.4234375 0.0546875 0.06484375
0 0.7484375 0.45546875 0.053125 0.06328125
0 0.8625 0.490625 0.059375 0.06953125
0 0.88671875 0.45625 0.05546875 0.0671875
0 0.69375 0.51640625 0.05546875 0.07109375
0 0.60078125 0.45078125 0.05625 0.07890625
0 0.62578125 0.41953125 0.04765625 0.07109375
0 0.67578125 0.36171875 0.0515625 0.06875
0 0.6265625 0.33515625 0.04296875 0.0640625
0 0.575 0.39140625 0.04609375 0.065625
0 0.57734375 0.4828125 0.05 0.071875
0 0.525 0.45703125 0.04765625 0.0671875
0 0.528125 0.5421875 0.04765625 0.0734375
0 0.503125 0.5765625 0.0484375 0.0765625
0 0.48046875 0.60625 0.04609375 0.06796875
0 0.45234375 0.54765625 0.04140625 0.0640625
0 0.4265625 0.57578125 0.04296875 0.06640625
0 0.39921875 0.60234375 0.04609375 0.06875
0 0.35078125 0.66796875 0.04140625 0.06171875
0 0.32578125 0.69609375 0.04296875 0.07109375
0 0.25703125 0.63203125 0.03671875 0.06953125
0 0.278125 0.60390625 0.03984375 0.06953125
0 0.303125 0.57109375 0.04140625 0.0734375
0 0.328125 0.5453125 0.04140625 0.07265625
0 0.3515625 0.51171875 0.0421875 0.07890625
0 0.39765625 0.45625 0.04140625 0.0703125
0 0.4453125 0.3984375 0.04609375 0.0671875
0 0.4953125 0.346875 0.04453125 0.06328125
0 0.540625 0.290625 0.03984375 0.06171875
0 0.565625 0.26640625 0.0375 0.05703125
0 0.58515625 0.240625 0.04453125 0.06328125
0 0.54921875 0.20859375 0.04140625 0.059375
0 0.52734375 0.234375 0.04453125 0.053125
0 0.48203125 0.28125 0.03984375 0.0609375
0 0.45625 0.31015625 0.0359375 0.05390625
0 0.43515625 0.340625 0.0375 0.05234375
0 0.409375 0.3609375 0.03828125 0.0625
0 0.390625 0.39375 0.03515625 0.05703125
0 0.34296875 0.4484375 0.03984375 0.059375
0 0.296875 0.5046875 0.03671875 0.06015625
0 0.35 0.14609375 0.04609375 0.0671875