0 0.41328125 0.7328125 0.02265625 0.0375
0 0.459375 0.65859375 0.021875 0.03671875
0 0.3859375 0.78125 0.0234375 0.0375
0 0.36171875 0.82578125 0.0234375 0.0359375
0 0.54765625 0.846875 0.025 0.046875
0 0.5703125 0.709375 0.01875 0.04609375
0 0.5484375 0.6203125 0.025 0.03125
0 0.50546875 0.5578125 0.03984375 0.0421875
0 0.42734375 0.5109375 0.02421875 0.028125
0 0.3859375 0.675 0.0234375 0.03125
0 0.37578125 0.59921875 0.021875 0.0265625
0 0.3671875 0.6125 0.0203125 0.02578125
0 0.35625 0.62734375 0.02109375 0.028125
0 0.34765625 0.64296875 0.021875 0.02890625
0 0.3390625 0.65703125 0.01875 0.0265625
0 0.328125 0.6703125 0.021875 0.03203125
0 0.30625 0.703125 0.02265625 0.03125
0 0.3109375 0.78984375 0.0234375 0.0359375
0 0.284375 0.734375 0.02109375 0.0328125
0 0.25859375 0.684375 0.0203125 0.034375
0 0.27890625 0.65625 0.0203125 0.03046875
0 0.31875 0.59921875 0.021875 0.02890625
0 0.28046875 0.546875 0.015625 0.025
0 0.20234375 0.53359375 0.02109375 0.04140625
0 0.17734375 0.578125 0.01796875 0.034375
0 0.16015625 0.6078125 0.01328125 0.025
0 0.24375 0.59375 0.01640625 0.02734375
0 0.25234375 0.58203125 0.015625 0.02734375
0 0.2625 0.5703125 0.01796875 0.03125
0 0.2578125 0.54375 0.01640625 0.025
0 0.246875 0.55546875 0.015625 0.02109375
0 0.228125 0.57890625 0.01640625 0.0265625
0 0.21796875 0.59140625 0.015625 0.02578125
0 0.2140625 0.63125 0.01640625 0.03046875
0 0.2046875 0.64453125 0.0171875 0.0296875
0 0.2375 0.6734375 0.01796875 0.02890625
0 0.24765625 0.65625 0.01796875 0.03125
0 0.25703125 0.64296875 0.0171875 0.028125
0 0.26796875 0.62890625 0.01875 0.03125
0 0.34453125 0.73828125 0.0234375 0.0375
0 0.35546875 0.72109375 0.021875 0.03671875
0 0.19921875 0.940625 0.0234375 0.0328125
0 0.125 0.97578125 0.021875 0.03046875
0 0.0875 0.9296875 0.01640625 0.02890625
0 0.0578125 0.8578125 0.0203125 0.0578125
0 0.05859375 0.7609375 0.01171875 0.0359375
0 0.10390625 0.6296875 0.0171875 0.03046875
0 0.06796875 0.59609375 0.01328125 0.0265625
0 0.1453125 0.47421875 0.015625 0.028125
0 0.16171875 0.5234375 0.015625 0.02578125
0 0.14921875 0.61875 0.01328125 0.02890625
0 0.1421875 0.63125 0.0140625 0.025
0 0.134375 0.6453125 0.01484375 0.028125
0 0.125 0.65546875 0.0140625 0.028125
0 0.11796875 0.66796875 0.015625 0.03125
0 0.1 0.71015625 0.0171875 0.028125
0 0.096875 0.72890625 0.015625 0.02421875
0 0.09140625 0.746875 0.0171875 0.0234375
0 0.1265625 0.75546875 0.01484375 0.03203125
0 0.08671875 0.76328125 0.01640625 0.021875
0 0.08828125 0.78359375 0.02109375 0.021875
0 0.08671875 0.80390625 0.01796875 0.02265625
0 0.0921875 0.82109375 0.0203125 0.040625
0 0.146875 0.8078125 0.01484375 0.028125
0 0.16328125 0.821875 0.01796875 0.03515625
0 0.175 0.80703125 0.02109375 0.03984375
0 0.165625 0.77421875 0.01796875 0.0328125
0 0.18359375 0.74296875 0.0203125 0.034375
0 0.196875 0.72890625 0.01640625 0.03359375
0 0.21796875 0.74296875 0.0203125 0.034375
0 0.184375 0.67265625 0.0171875 0.0328125
0 0.190625 0.628125 0.01484375 0.0265625
0 0.2 0.6171875 0.015625 0.0296875
0 0.17109375 0.6546875 0.015625 0.0265625
0 0.16171875 0.66875 0.01640625 0.0265625
0 0.153125 0.6828125 0.01484375 0.02421875
0 0.1640625 0.7 0.0203125 0.034375
0 0.2859375 0.82578125 0.0234375 0.040625
0 0.45078125 0.953125 0.0328125 0.04140625
0 0.33125 0.44375 0.0171875 0.025
0 0.28984375 0.33046875 0.01484375 0.01953125
0 0.35390625 0.23984375 0.01015625 0.01875
0 0.38203125 0.2171875 0.0125 0.01796875
0 0.4609375 0.29296875 0.0109375 0.0234375
0 0.42890625 0.14609375 0.015625 0.02734375
0 0.45 0.1640625 0.00625 0.015625
0 0.5078125 0.39453125 0.0140625 0.02578125
0 0.6171875 0.53125 0.01953125 0.03046875
0 0.71953125 0.82109375 0.0171875 0.04140625
0 0.82421875 0.80859375 0.0203125 0.03359375
0 0.834375 0.7546875 0.02109375 0.0328125
0 0.84765625 0.74453125 0.02109375 0.03203125
0 0.80234375 0.66953125 0.01953125 0.03125
0 0.74609375 0.6734375 0.02734375 0.03828125
0 0.7640625 0.66640625 0.0203125 0.034375
0 0.7453125 0.56796875 0.0109375 0.0296875
0 0.703125 0.53359375 0.0203125 0.0265625
0 0.76953125 0.590625 0.0140625 0.02890625
0 0.7921875 0.61015625 0.01171875 0.0296875
0 0.8140625 0.62578125 0.0125 0.03203125
0 0.82578125 0.63671875 0.01015625 0.0296875
0 0.859375 0.66015625 0.0109375 0.03046875
0 0.93203125 0.8359375 0.01796875 0.03203125
0 0.9578125 0.7953125 0.01484375 0.028125
0 0.98359375 0.821875 0.01171875 0.0203125
0 0.9921875 0.890625 0.01328125 0.025
0 0.98671875 0.9375 0.01484375 0.03046875
0 0.72265625 0.4671875 0.0171875 0.025
0 0.746875 0.48359375 0.0171875 0.02578125
0 0.77109375 0.50234375 0.01484375 0.0234375
0 0.82109375 0.5421875 0.01796875 0.02578125
0 0.84296875 0.55625 0.015625 0.03359375
0 0.86796875 0.57265625 0.02578125 0.04296875
0 0.9015625 0.60625 0.01484375 0.02578125
0 0.671875 0.434375 0.0203125 0.0265625
0 0.64609375 0.4140625 0.01875 0.028125
0 0.62890625 0.396875 0.0171875 0.02578125
0 0.62265625 0.3640625 0.01015625 0.02109375
0 0.6375 0.3421875 0.0140625 0.01796875
0 0.65 0.3296875 0.01796875 0.021875
0 0.65390625 0.32109375 0.01484375 0.0234375
0 0.6578125 0.3125 0.01484375 0.021875
0 0.66484375 0.29921875 0.01875 0.025
0 0.590625 0.3203125 0.01875 0.02421875
0 0.5984375 0.31328125 0.015625 0.02265625
0 0.60234375 0.3046875 0.015625 0.02265625
0 0.603125 0.28671875 0.0171875 0.021875
0 0.60859375 0.26796875 0.0140625 0.01875
0 0.62109375 0.24921875 0.015625 0.021875
0 0.62578125 0.24375 0.015625 0.02265625
0 0.67734375 0.27890625 0.0140625 0.01953125
0 0.67109375 0.28203125 0.01328125 0.02109375
0 0.96171875 0.75 0.00703125 0.03046875
0 0.96953125 0.75859375 0.0078125 0.03046875
0 0.98125 0.771875 0.00546875 0.0375
0 0.98828125 0.778125 0.00703125 0.03984375
0 0.99453125 0.78125 0.0078125 0.0375
0 0.9375 0.65859375 0.01171875 0.0265625
0 0.928125 0.628125 0.01484375 0.0265625
0 0.92109375 0.603125 0.0078125 0.0265625
0 0.94296875 0.62421875 0.00703125 0.02578125
0 0.9515625 0.6328125 0.0109375 0.034375
0 0.9671875 0.66640625 0.01015625 0.0234375
0 0.98046875 0.68125 0.0109375 0.0234375
0 0.99375 0.69296875 0.009375 0.02109375
0 0.19140625 0.31796875 0.0109375 0.0140625
0 0.165625 0.33203125 0.01015625 0.01328125
0 0.1515625 0.31953125 0.0078125 0.0125
0 0.14140625 0.3484375 0.0078125 0.01484375
0 0.13671875 0.3578125 0.009375 0.01171875
0 0.1 0.39765625 0.01328125 0.01484375
0 0.11484375 0.4125 0.01171875 0.01875