0 0.175 0.88125 0.0203125 0.0421875
0 0.1875 0.79375 0.01875 0.0328125
0 0.21875 0.74296875 0.01796875 0.03125
0 0.228125 0.73046875 0.01953125 0.034375
0 0.25859375 0.684375 0.01953125 0.03359375
0 0.2796875 0.65546875 0.01875 0.03125
0 0.30625 0.703125 0.021875 0.0296875
0 0.321875 0.7734375 0.0234375 0.0328125
0 0.34453125 0.7375 0.02265625 0.0328125
0 0.35546875 0.721875 0.02109375 0.03203125
0 0.3484375 0.6421875 0.0203125 0.028125
0 0.33984375 0.65703125 0.01796875 0.02578125
0 0.32890625 0.67109375 0.021875 0.028125
0 0.31796875 0.68515625 0.01875 0.02734375
0 0.19609375 0.73046875 0.015625 0.0296875
0 0.18515625 0.74296875 0.01796875 0.0296875
0 0.17421875 0.75703125 0.01640625 0.03046875
0 0.165625 0.77421875 0.0171875 0.02890625
0 0.17421875 0.8078125 0.02109375 0.03515625
0 0.16328125 0.82109375 0.01640625 0.034375
0 0.146875 0.80546875 0.0140625 0.02734375
0 0.0921875 0.82109375 0.0203125 0.0328125
0 0.1265625 0.75546875 0.01328125 0.03046875
0 0.14609375 0.72890625 0.015625 0.03046875
0 0.16484375 0.69921875 0.01796875 0.0328125
0 0.184375 0.671875 0.01640625 0.02890625
0 0.2046875 0.64453125 0.0171875 0.0296875
0 0.24765625 0.65859375 0.0171875 0.02890625
0 0.2578125 0.6453125 0.01640625 0.0265625
0 0.26875 0.63046875 0.01640625 0.02578125
0 0.31953125 0.59921875 0.0203125 0.0265625
0 0.28046875 0.5453125 0.01484375 0.02421875
0 0.2578125 0.54296875 0.015625 0.02421875
0 0.246875 0.55625 0.01484375 0.02265625
0 0.2625 0.5703125 0.01875 0.0296875
0 0.253125 0.58203125 0.01484375 0.02578125
0 0.24375 0.59296875 0.01484375 0.02578125
0 0.22890625 0.58046875 0.0140625 0.02265625
0 0.21328125 0.63125 0.01640625 0.02890625
0 0.190625 0.62890625 0.0140625 0.02421875
0 0.17109375 0.65546875 0.01484375 0.025
0 0.1625 0.66875 0.0140625 0.0234375
0 0.178125 0.578125 0.01796875 0.0328125
0 0.1609375 0.60703125 0.0140625 0.0265625
0 0.14921875 0.6203125 0.01328125 0.02421875
0 0.1421875 0.63203125 0.0125 0.0234375
0 0.134375 0.64609375 0.0140625 0.02421875
0 0.125 0.6546875 0.01484375 0.028125
0 0.11875 0.6671875 0.01484375 0.0296875
0 0.11171875 0.6828125 0.0171875 0.028125
0 0.1 0.70859375 0.01640625 0.02734375
0 0.096875 0.72890625 0.01640625 0.02265625
0 0.09140625 0.74609375 0.015625 0.02265625
0 0.0859375 0.7640625 0.01640625 0.02109375
0 0.0875 0.7828125 0.0203125 0.01953125
0 0.08671875 0.80390625 0.01640625 0.02109375
0 0.309375 0.578125 0.01640625 0.0265625
0 0.3671875 0.61328125 0.0203125 0.0265625
0 0.37578125 0.59921875 0.021875 0.02734375
0 0.41484375 0.67578125 0.0125 0.040625
0 0.34140625 0.4640625 0.0171875 0.0203125
0 0.18359375 0.4734375 0.015625 0.021875
0 0.203125 0.3765625 0.01171875 0.0203125
0 0.1890625 0.32109375 0.0109375 0.01484375
0 0.1 0.6296875 0.015625 0.028125
0 0.075 0.565625 0.0140625 0.02421875
0 0.1453125 0.45703125 0.0140625 0.02421875
0 0.28671875 0.82578125 0.02265625 0.0375
0 0.1203125 0.88046875 0.02265625 0.03359375
0 0.15234375 0.6828125 0.0140625 0.02578125
0 0.17109375 0.59375 0.01484375 0.02734375
0 0.20234375 0.5328125 0.02109375 0.04140625
0 0.19921875 0.61640625 0.01484375 0.02578125
0 0.21796875 0.59296875 0.0171875 0.02265625
0 0.459375 0.65859375 0.02109375 0.034375
0 0.57109375 0.60703125 0.0234375 0.0359375
0 0.5265625 0.43125 0.0171875 0.02421875
0 0.5171875 0.38828125 0.009375 0.02421875
0 0.5984375 0.5109375 0.0234375 0.03515625
0 0.58046875 0.5203125 0.01875 0.0296875
0 0.62421875 0.56484375 0.021875 0.03046875
0 0.5703125 0.9734375 0.03046875 0.0296875
0 0.7015625 0.61640625 0.02109375 0.0296875
0 0.703125 0.5359375 0.01953125 0.02421875
0 0.7453125 0.56953125 0.01171875 0.028125
0 0.7921875 0.61015625 0.0109375 0.02890625
0 0.82578125 0.6375 0.0109375 0.03125
0 0.75 0.68203125 0.021875 0.03125
0 0.83125 0.73125 0.01796875 0.0265625
0 0.64609375 0.41484375 0.01875 0.025
0 0.746875 0.48515625 0.0171875 0.0234375
0 0.86171875 0.5734375 0.01640625 0.02734375
0 0.88046875 0.58828125 0.01484375 0.021875
0 0.9015625 0.60703125 0.01328125 0.02109375
0 0.92109375 0.6046875 0.00859375 0.02265625
0 0.94296875 0.6234375 0.00703125 0.02421875
0 0.95234375 0.6375 0.0078125 0.02578125
0 0.9359375 0.659375 0.0125 0.02265625
0 0.95 0.67265625 0.0125 0.02109375
0 0.9796875 0.68046875 0.0109375 0.01875
0 0.99296875 0.69375 0.009375 0.0203125
0 0.9625 0.7515625 0.00703125 0.028125
0 0.9703125 0.76015625 0.00625 0.03046875
0 0.98125 0.7734375 0.00703125 0.0296875
0 0.98828125 0.78046875 0.0046875 0.0328125
0 0.98359375 0.82265625 0.01015625 0.02265625
0 0.90390625 0.87578125 0.01875 0.034375
0 0.88671875 0.88046875 0.01953125 0.04375
0 0.19921875 0.940625 0.02109375 0.0328125
0 0.65 0.328125 0.0171875 0.021875
0 0.590625 0.321875 0.01796875 0.021875
0 0.5703125 0.34609375 0.0171875 0.02421875
0 0.59765625 0.3125 0.01484375 0.02109375
0 0.6671875 0.29765625 0.01484375 0.02109375
0 0.6765625 0.2796875 0.01328125 0.01796875
0 0.60390625 0.278125 0.01484375 0.0203125
0 0.60859375 0.2671875 0.01328125 0.01953125
0 0.45234375 0.27109375 0.00859375 0.0203125
0 0.446875 0.22265625 0.009375 0.034375