0 0.4125 0.73203125 0.02578125 0.0390625
0 0.459375 0.659375 0.021875 0.0359375
0 0.33359375 0.86875 0.025 0.03984375
0 0.26796875 0.9578125 0.01875 0.04609375
0 0.10078125 0.95 0.01953125 0.028125
0 0.0671875 0.8875 0.01640625 0.0296875
0 0.05390625 0.803125 0.01484375 0.0375
0 0.06171875 0.7375 0.0140625 0.03359375
0 0.08203125 0.67265625 0.015625 0.0296875
0 0.10703125 0.60859375 0.01640625 0.02890625
0 0.14765625 0.5390625 0.03203125 0.06171875
0 0.203125 0.53359375 0.021875 0.04375
0 0.178125 0.57734375 0.01953125 0.03125
0 0.16015625 0.60703125 0.015625 0.02734375
0 0.1484375 0.61875 0.01484375 0.02734375
0 0.14140625 0.63125 0.0140625 0.02265625
0 0.134375 0.6453125 0.01484375 0.028125
0 0.125 0.65390625 0.01484375 0.025
0 0.11796875 0.66796875 0.015625 0.02734375
0 0.1 0.71015625 0.0171875 0.025
0 0.096875 0.728125 0.0171875 0.02421875
0 0.090625 0.746875 0.01796875 0.02109375
0 0.0859375 0.76171875 0.0171875 0.021875
0 0.08671875 0.78359375 0.0234375 0.021875
0 0.08671875 0.803125 0.01875 0.02421875
0 0.0921875 0.82109375 0.01875 0.03515625
0 0.12578125 0.75625 0.01640625 0.03125
0 0.14609375 0.80390625 0.015625 0.0328125
0 0.17421875 0.8078125 0.021875 0.03515625
0 0.16328125 0.821875 0.01953125 0.034375
0 0.165625 0.7734375 0.01796875 0.03359375
0 0.18359375 0.74375 0.02109375 0.0359375
0 0.19609375 0.72890625 0.01640625 0.03359375
0 0.21875 0.74375 0.01875 0.03046875
0 0.25703125 0.684375 0.02109375 0.03046875
0 0.27890625 0.65390625 0.0203125 0.03359375
0 0.3203125 0.6 0.02109375 0.0296875
0 0.35625 0.62734375 0.02109375 0.03203125
0 0.3671875 0.61015625 0.0203125 0.03046875
0 0.37734375 0.5984375 0.0203125 0.02890625
0 0.3859375 0.67265625 0.0234375 0.0359375
0 0.35546875 0.72109375 0.02265625 0.0328125
0 0.34453125 0.7390625 0.02421875 0.03515625
0 0.31015625 0.78984375 0.025 0.0390625
0 0.28515625 0.825 0.0265625 0.04140625
0 0.19921875 0.94140625 0.0234375 0.034375
0 0.16484375 0.69921875 0.01796875 0.03359375
0 0.18359375 0.67265625 0.01875 0.03359375
0 0.20390625 0.64375 0.0171875 0.0328125
0 0.21328125 0.6328125 0.01875 0.028125
0 0.2421875 0.5953125 0.01796875 0.0296875
0 0.25234375 0.58203125 0.0171875 0.0265625
0 0.2625 0.571875 0.01875 0.03125
0 0.2796875 0.5453125 0.01640625 0.03203125
0 0.2578125 0.5421875 0.01875 0.02421875
0 0.2484375 0.55859375 0.01796875 0.0296875
0 0.22734375 0.578125 0.01953125 0.0296875
0 0.21796875 0.590625 0.0171875 0.028125
0 0.2 0.615625 0.015625 0.0265625
0 0.19140625 0.6296875 0.01640625 0.02578125
0 0.1703125 0.65390625 0.01640625 0.0296875
0 0.16328125 0.66953125 0.01640625 0.02421875
0 0.153125 0.6828125 0.01484375 0.025
0 0.3859375 0.7828125 0.021875 0.03828125
0 0.4609375 0.94453125 0.03203125 0.04296875
0 0.54609375 0.8453125 0.02265625 0.0421875
0 0.575 0.73125 0.01640625 0.04609375
0 0.55078125 0.65625 0.02109375 0.0390625
0 0.2875 0.4265625 0.0171875 0.02421875
0 0.240625 0.41484375 0.01484375 0.0203125
0 0.2421875 0.38125 0.0171875 0.021875
0 0.26015625 0.31875 0.0140625 0.02109375
0 0.31171875 0.29609375 0.0125 0.015625
0 0.15234375 0.4484375 0.0140625 0.0203125
0 0.1546875 0.37109375 0.0125 0.01484375
0 0.13203125 0.36484375 0.0109375 0.0125
0 0.1359375 0.35546875 0.00859375 0.01171875
0 0.1671875 0.33359375 0.00859375 0.0125
0 0.1765625 0.346875 0.01015625 0.01484375
0 0.15234375 0.3203125 0.0078125 0.0109375
0 0.171875 0.30625 0.0140625 0.01875
0 0.33828125 0.2046875 0.0109375 0.01796875
0 0.36796875 0.14921875 0.015625 0.0328125
0 0.40703125 0.16875 0.00859375 0.01484375
0 0.440625 0.13671875 0.00859375 0.01328125
0 0.45625 0.140625 0.00625 0.01328125
0 0.4140625 0.1453125 0.00859375 0.0125
0 0.446875 0.2171875 0.00859375 0.0171875
0 0.4640625 0.30546875 0.01171875 0.02109375
0 0.53046875 0.4234375 0.01328125 0.0265625
0 0.55859375 0.465625 0.01953125 0.03359375
0 0.33828125 0.65703125 0.0203125 0.0296875
0 0.32890625 0.67109375 0.0203125 0.0359375
0 0.30625 0.7015625 0.021875 0.03359375
0 0.284375 0.7328125 0.021875 0.034375
0 0.24765625 0.65859375 0.01875 0.0296875
0 0.25703125 0.64453125 0.01796875 0.03203125
0 0.26796875 0.63046875 0.01875 0.03515625
0 0.11953125 0.88046875 0.02578125 0.0375
0 0.6453125 0.66953125 0.0234375 0.0359375
0 0.71953125 0.8203125 0.015625 0.04375
0 0.79375 0.87890625 0.02265625 0.03046875
0 0.790625 0.696875 0.021875 0.03984375
0 0.8015625 0.66953125 0.0203125 0.034375
0 0.6734375 0.5875 0.02421875 0.04140625
0 0.703125 0.53359375 0.021875 0.03125
0 0.74453125 0.5671875 0.01328125 0.03203125
0 0.76875 0.5921875 0.01484375 0.03203125
0 0.79140625 0.609375 0.01328125 0.0328125
0 0.8140625 0.62734375 0.00859375 0.03046875
0 0.8265625 0.634375 0.01171875 0.0375
0 0.86015625 0.66171875 0.009375 0.0328125
0 0.9625 0.75078125 0.00703125 0.03203125
0 0.97109375 0.7609375 0.00625 0.03203125
0 0.98125 0.7734375 0.00703125 0.03125
0 0.98828125 0.77890625 0.00625 0.03203125
0 0.9953125 0.7859375 0.0046875 0.034375
0 0.9828125 0.8203125 0.01328125 0.0265625
0 0.99375 0.87265625 0.0125 0.028125
0 0.99609375 0.83515625 0.0078125 0.03125
0 0.98046875 0.68125 0.01171875 0.02421875
0 0.96796875 0.6703125 0.009375 0.0203125
0 0.953125 0.675 0.01328125 0.0265625
0 0.9359375 0.65859375 0.0140625 0.0265625
0 0.94375 0.625 0.00625 0.03203125
0 0.95234375 0.63671875 0.01015625 0.03515625
0 0.93515625 0.6140625 0.00625 0.0265625
0 0.921875 0.60703125 0.00625 0.0265625
0 0.9015625 0.60625 0.0140625 0.02578125
0 0.821875 0.53984375 0.01796875 0.0296875
0 0.7234375 0.46640625 0.015625 0.0296875
0 0.746875 0.4828125 0.0171875 0.02890625
0 0.7 0.453125 0.02109375 0.03125
0 0.67265625 0.43359375 0.01953125 0.0296875
0 0.646875 0.4125 0.01875 0.034375
0 0.62890625 0.39453125 0.01640625 0.02890625
0 0.621875 0.3640625 0.01015625 0.02421875
0 0.63671875 0.34140625 0.01640625 0.01953125
0 0.65 0.32890625 0.0171875 0.0203125
0 0.65390625 0.31953125 0.01640625 0.02265625
0 0.6578125 0.3125 0.015625 0.0203125
0 0.6640625 0.3015625 0.01875 0.021875
0 0.6703125 0.28203125 0.0140625 0.021875
0 0.67734375 0.27734375 0.01171875 0.021875
0 0.59140625 0.32109375 0.0171875 0.02265625
0 0.5984375 0.3140625 0.0171875 0.02265625
0 0.603125 0.30390625 0.01875 0.02265625
0 0.603125 0.28515625 0.01796875 0.02578125
0 0.60859375 0.26640625 0.01328125 0.021875
0 0.6203125 0.25078125 0.0171875 0.02421875
0 0.51171875 0.24296875 0.0078125 0.01796875
0 0.5703125 0.3453125 0.01796875 0.02421875