0 0.12109375 0.9734375 0.02109375 0.0265625
0 0.175 0.88046875 0.021875 0.04375
0 0.2 0.94140625 0.021875 0.03203125
0 0.2859375 0.82578125 0.0234375 0.04140625
0 0.321875 0.77265625 0.0234375 0.0390625
0 0.34453125 0.73828125 0.02421875 0.03828125
0 0.35546875 0.721875 0.021875 0.03359375
0 0.36640625 0.61171875 0.0203125 0.03203125
0 0.37578125 0.6 0.02265625 0.03046875
0 0.3484375 0.64140625 0.021875 0.03203125
0 0.33828125 0.65625 0.0203125 0.02734375
0 0.32890625 0.67109375 0.0234375 0.03046875
0 0.3171875 0.68515625 0.02109375 0.0265625
0 0.30625 0.703125 0.0234375 0.03125
0 0.2578125 0.68515625 0.02265625 0.034375
0 0.27890625 0.65625 0.021875 0.03359375
0 0.31953125 0.59765625 0.0203125 0.03125
0 0.30859375 0.578125 0.01796875 0.02578125
0 0.2796875 0.5453125 0.01796875 0.02734375
0 0.2578125 0.54375 0.0171875 0.02421875
0 0.24765625 0.55390625 0.01640625 0.02578125
0 0.26171875 0.56875 0.01953125 0.03203125
0 0.253125 0.58203125 0.01796875 0.0296875
0 0.24296875 0.59453125 0.01796875 0.0265625
0 0.26796875 0.62890625 0.02109375 0.0328125
0 0.2578125 0.64453125 0.01796875 0.0265625
0 0.246875 0.65703125 0.01953125 0.02734375
0 0.2140625 0.63203125 0.0171875 0.03125
0 0.2046875 0.6453125 0.01875 0.03046875
0 0.1890625 0.62734375 0.0171875 0.0296875
0 0.2 0.615625 0.0171875 0.02890625
0 0.2171875 0.5921875 0.0171875 0.03203125
0 0.228125 0.578125 0.01640625 0.028125
0 0.20234375 0.53359375 0.0234375 0.0421875
0 0.17734375 0.5765625 0.02109375 0.03203125
0 0.1703125 0.59453125 0.01796875 0.028125
0 0.1609375 0.6078125 0.015625 0.0234375
0 0.14921875 0.61953125 0.01484375 0.0296875
0 0.1421875 0.6328125 0.01484375 0.02578125
0 0.13359375 0.64453125 0.0171875 0.02734375
0 0.125 0.6546875 0.01484375 0.02890625
0 0.11875 0.6671875 0.015625 0.02890625
0 0.1125 0.6828125 0.01640625 0.0296875
0 0.10078125 0.71015625 0.01640625 0.02734375
0 0.09765625 0.72890625 0.01796875 0.02265625
0 0.090625 0.746875 0.01875 0.02265625
0 0.08671875 0.765625 0.0171875 0.02109375
0 0.08671875 0.78359375 0.02265625 0.02109375
0 0.08671875 0.8046875 0.01796875 0.02109375
0 0.0921875 0.8203125 0.01875 0.03828125
0 0.1265625 0.75625 0.0140625 0.02890625
0 0.1453125 0.7296875 0.0171875 0.03125
0 0.16484375 0.69921875 0.01796875 0.03359375
0 0.18515625 0.671875 0.01640625 0.03125
0 0.17109375 0.653125 0.015625 0.02734375
0 0.1625 0.66796875 0.01640625 0.025
0 0.15234375 0.68203125 0.01484375 0.02578125
0 0.19609375 0.73046875 0.0171875 0.0296875
0 0.21796875 0.74296875 0.0203125 0.03359375
0 0.22890625 0.73046875 0.0203125 0.0359375
0 0.1859375 0.74296875 0.01796875 0.03125
0 0.175 0.75625 0.01796875 0.03046875
0 0.16484375 0.77421875 0.01953125 0.02890625
0 0.18671875 0.79375 0.0203125 0.03359375
0 0.175 0.809375 0.02265625 0.034375
0 0.16328125 0.82109375 0.01875 0.03515625
0 0.146875 0.8046875 0.015625 0.03046875
0 0.0765625 0.690625 0.01484375 0.0296875
0 0.04375 0.67734375 0.01640625 0.0234375
0 0.1109375 0.61640625 0.01484375 0.0265625
0 0.1421875 0.52734375 0.02421875 0.0375
0 0.13515625 0.49140625 0.0171875 0.03203125
0 0.19296875 0.48203125 0.01953125 0.034375
0 0.31796875 0.4453125 0.02578125 0.03828125
0 0.3015625 0.4109375 0.01484375 0.0265625
0 0.28046875 0.3515625 0.015625 0.02265625
0 0.33125 0.22578125 0.01328125 0.021875
0 0.346875 0.19453125 0.0109375 0.01640625
0 0.390625 0.190625 0.01171875 0.015625
0 0.415625 0.17265625 0.00859375 0.015625
0 0.38359375 0.1453125 0.0109375 0.01484375
0 0.16640625 0.33359375 0.0109375 0.01484375
0 0.13984375 0.34921875 0.00859375 0.0125
0 0.1 0.3984375 0.01328125 0.0140625
0 0.46015625 0.659375 0.02109375 0.03828125
0 0.4015625 0.9859375 0.034375 0.028125
0 0.48359375 0.92734375 0.0296875 0.04609375
0 0.5578125 0.81015625 0.01875 0.05
0 0.5625 0.671875 0.02109375 0.04375
0 0.49453125 0.58046875 0.021875 0.03359375
0 0.50703125 0.5609375 0.025 0.034375
0 0.6359375 0.54296875 0.071875 0.1
0 0.70390625 0.534375 0.01796875 0.02734375
0 0.74453125 0.56796875 0.01328125 0.02890625
0 0.71015625 0.64296875 0.02109375 0.03359375
0 0.66015625 0.690625 0.025 0.0359375
0 0.7921875 0.61015625 0.01328125 0.028125
0 0.82578125 0.63671875 0.0125 0.03125
0 0.8609375 0.5734375 0.01796875 0.02734375
0 0.88046875 0.5875 0.015625 0.02421875
0 0.90234375 0.60625 0.01328125 0.025
0 0.9203125 0.60390625 0.00859375 0.02734375
0 0.93359375 0.615625 0.00859375 0.02734375
0 0.94296875 0.62265625 0.0078125 0.02734375
0 0.95234375 0.63515625 0.0078125 0.0296875
0 0.9359375 0.6578125 0.0140625 0.0234375
0 0.94921875 0.67109375 0.0140625 0.025
0 0.9796875 0.67890625 0.009375 0.021875
0 0.99296875 0.69375 0.01171875 0.02109375
0 0.878125 0.8671875 0.0171875 0.0296875
0 0.83125 0.73125 0.021875 0.0328125
0 0.9609375 0.75078125 0.0078125 0.03125
0 0.96953125 0.759375 0.0078125 0.03359375
0 0.98046875 0.771875 0.00625 0.034375
0 0.98671875 0.778125 0.00625 0.0375
0 0.99453125 0.7828125 0.00703125 0.0359375
0 0.9828125 0.82109375 0.01171875 0.01953125
0 0.9953125 0.828125 0.009375 0.0234375
0 0.99453125 0.87421875 0.0109375 0.0203125
0 0.746875 0.48359375 0.0171875 0.02578125
0 0.64609375 0.4140625 0.01796875 0.0296875
0 0.5703125 0.34375 0.01796875 0.0234375
0 0.590625 0.32109375 0.01796875 0.02265625
0 0.59765625 0.31328125 0.01484375 0.01875
0 0.60390625 0.278125 0.015625 0.02421875
0 0.609375 0.26640625 0.01328125 0.0203125
0 0.62578125 0.2453125 0.015625 0.01875
0 0.6671875 0.296875 0.01484375 0.02109375
0 0.65078125 0.328125 0.01640625 0.0234375
0 0.6765625 0.27890625 0.01328125 0.0234375