0 0.2015625 0.53359375 0.02109375 0.04140625
0 0.1765625 0.5765625 0.01953125 0.0328125
0 0.17109375 0.59375 0.0140625 0.0265625
0 0.1609375 0.60703125 0.0140625 0.02421875
0 0.14765625 0.61953125 0.0171875 0.02734375
0 0.14140625 0.63046875 0.01484375 0.02734375
0 0.134375 0.6453125 0.015625 0.02734375
0 0.12578125 0.65546875 0.015625 0.0265625
0 0.11875 0.66796875 0.015625 0.02734375
0 0.1125 0.6828125 0.01796875 0.02890625
0 0.1 0.709375 0.0171875 0.0296875
0 0.09609375 0.72734375 0.01875 0.02734375
0 0.090625 0.74609375 0.01875 0.0234375
0 0.0859375 0.76328125 0.01875 0.025
0 0.08671875 0.7828125 0.02109375 0.0234375
0 0.0859375 0.80390625 0.02109375 0.02109375
0 0.0921875 0.81953125 0.0203125 0.03828125
0 0.125 0.75625 0.01640625 0.03203125
0 0.1453125 0.72890625 0.0171875 0.03203125
0 0.16484375 0.69921875 0.01875 0.03359375
0 0.18515625 0.6734375 0.0171875 0.03046875
0 0.15234375 0.68125 0.01484375 0.028125
0 0.16171875 0.66875 0.01484375 0.02578125
0 0.1703125 0.6546875 0.01484375 0.02890625
0 0.25859375 0.54453125 0.01484375 0.02578125
0 0.28046875 0.5453125 0.01484375 0.0265625
0 0.30859375 0.57734375 0.01796875 0.02890625
0 0.3203125 0.5984375 0.01796875 0.03125
0 0.36640625 0.61171875 0.02109375 0.03125
0 0.37578125 0.59765625 0.02265625 0.03125
0 0.3484375 0.6421875 0.021875 0.0296875
0 0.3390625 0.65625 0.01875 0.028125
0 0.328125 0.66953125 0.0234375 0.03203125
0 0.3171875 0.684375 0.021875 0.0296875
0 0.3046875 0.7015625 0.0234375 0.03125
0 0.3546875 0.71953125 0.02265625 0.03359375
0 0.34296875 0.73671875 0.025 0.03359375
0 0.321875 0.77265625 0.025 0.03125
0 0.22890625 0.73125 0.0203125 0.03203125
0 0.2578125 0.68359375 0.021875 0.034375
0 0.278125 0.65546875 0.0203125 0.03203125
0 0.26875 0.6296875 0.0171875 0.025
0 0.2578125 0.64453125 0.01875 0.02734375
0 0.24765625 0.65703125 0.0171875 0.028125
0 0.24375 0.59453125 0.015625 0.028125
0 0.253125 0.5828125 0.015625 0.02890625
0 0.26328125 0.571875 0.01796875 0.03125
0 0.24765625 0.55625 0.01640625 0.0234375
0 0.22890625 0.5796875 0.01484375 0.02421875
0 0.21796875 0.59140625 0.015625 0.028125
0 0.2 0.61640625 0.015625 0.0265625
0 0.2125 0.628125 0.0171875 0.03359375
0 0.2046875 0.64375 0.01796875 0.03046875
0 0.190625 0.6296875 0.0140625 0.025
0 0.165625 0.775 0.015625 0.0296875
0 0.1734375 0.75625 0.01640625 0.03203125
0 0.18515625 0.74375 0.01796875 0.03203125
0 0.19609375 0.73125 0.01640625 0.03125
0 0.1875 0.79453125 0.0203125 0.03203125
0 0.175 0.81015625 0.0203125 0.03359375
0 0.1640625 0.821875 0.01796875 0.0328125
0 0.146875 0.80625 0.0140625 0.0296875
0 0.17421875 0.88359375 0.021875 0.04375
0 0.2859375 0.825 0.0234375 0.0421875
0 0.46015625 0.659375 0.0203125 0.03671875
0 0.20078125 0.940625 0.0203125 0.03359375
0 0.12109375 0.8828125 0.021875 0.0359375
0 0.07109375 0.571875 0.01484375 0.02734375
0 0.3453125 0.4703125 0.01796875 0.02421875
0 0.39375 0.5046875 0.01953125 0.028125
0 0.4453125 0.5421875 0.021875 0.028125
0 0.496875 0.57890625 0.02109375 0.03203125
0 0.5578125 0.65390625 0.02265625 0.03828125
0 0.57421875 0.7859375 0.0171875 0.0484375
0 0.53828125 0.86875 0.0234375 0.03984375
0 0.621875 0.56171875 0.02265625 0.0296875
0 0.5765625 0.48828125 0.0171875 0.02421875
0 0.6390625 0.55703125 0.02109375 0.02734375
0 0.703125 0.534375 0.0203125 0.02734375
0 0.73515625 0.6484375 0.02265625 0.03203125
0 0.896875 0.78671875 0.01875 0.03125
0 0.9640625 0.94765625 0.015625 0.028125
0 0.93671875 0.6578125 0.0109375 0.021875
0 0.95078125 0.6703125 0.01328125 0.025
0 0.94296875 0.62265625 0.00703125 0.025
0 0.9515625 0.6359375 0.0078125 0.02578125
0 0.934375 0.6171875 0.00625 0.025
0 0.92109375 0.6046875 0.0078125 0.02578125
0 0.9015625 0.60703125 0.01328125 0.021875
0 0.88125 0.58828125 0.01328125 0.02421875
0 0.86171875 0.571875 0.0171875 0.02734375
0 0.746875 0.4828125 0.01953125 0.02734375
0 0.7453125 0.56640625 0.0125 0.03125
0 0.79296875 0.61171875 0.01328125 0.02890625
0 0.82578125 0.6375 0.0125 0.03203125
0 0.646875 0.41484375 0.01875 0.0265625
0 0.65 0.32890625 0.01796875 0.02265625
0 0.6671875 0.296875 0.01640625 0.015625
0 0.67734375 0.27890625 0.01328125 0.01953125
0 0.590625 0.32109375 0.01796875 0.01953125
0 0.59765625 0.31328125 0.0171875 0.0171875
0 0.60390625 0.27734375 0.015625 0.01875
0 0.6078125 0.26875 0.01484375 0.01484375
0 0.6265625 0.24609375 0.01484375 0.0171875
0 0.9625 0.75234375 0.00625 0.028125
0 0.9703125 0.759375 0.00703125 0.0328125
0 0.98125 0.7734375 0.00703125 0.03046875
0 0.98828125 0.77890625 0.00625 0.034375
0 0.9953125 0.78515625 0.00546875 0.03203125
0 0.9828125 0.821875 0.0125 0.0234375
0 0.9890625 0.8671875 0.0125 0.028125
0 0.9953125 0.89296875 0.009375 0.0296875
0 0.9953125 0.83203125 0.00859375 0.0234375
0 0.5140625 0.40859375 0.01875 0.02734375
0 0.48359375 0.35703125 0.01328125 0.0234375
0 0.45703125 0.29375 0.01171875 0.02109375
0 0.44765625 0.23203125 0.0078125 0.02109375
0 0.4484375 0.18203125 0.00625 0.01328125
0 0.2609375 0.3015625 0.0140625 0.021875
0 0.21875 0.74375 0.01796875 0.0296875
0 0.16640625 0.334375 0.009375 0.0125
0 0.140625 0.34921875 0.00859375 0.01171875
0 0.09921875 0.3984375 0.01328125 0.015625
0 0.115625 0.41328125 0.01171875 0.015625
0 0.1453125 0.29765625 0.01015625 0.01328125
0 0.16171875 0.25625 0.009375 0.015625
0 0.1578125 0.27734375 0.00859375 0.01796875
0 0.1703125 0.31640625 0.01484375 0.02421875