0 0.471875 0.93828125 0.02578125 0.03984375
0 0.53828125 0.87109375 0.0234375 0.0484375
0 0.57578125 0.75625 0.0125 0.04375
0 0.5703125 0.6875 0.01875 0.04296875
0 0.53828125 0.62578125 0.0203125 0.03671875
0 0.4984375 0.58671875 0.02265625 0.0359375
0 0.44375 0.5421875 0.02265625 0.0296875
0 0.3921875 0.49765625 0.03203125 0.04375
0 0.33203125 0.4625 0.0171875 0.0234375
0 0.31484375 0.421875 0.01796875 0.02265625
0 0.459375 0.66015625 0.0203125 0.0375
0 0.3765625 0.6 0.0203125 0.0296875
0 0.3671875 0.6109375 0.0203125 0.0296875
0 0.34765625 0.6421875 0.0234375 0.0328125
0 0.33828125 0.65625 0.01875 0.02734375
0 0.32890625 0.67109375 0.0203125 0.03046875
0 0.3171875 0.6859375 0.02109375 0.0296875
0 0.30546875 0.70390625 0.0234375 0.0296875
0 0.35546875 0.71875 0.0234375 0.0359375
0 0.34453125 0.7390625 0.021875 0.03046875
0 0.321875 0.77265625 0.025 0.0359375
0 0.2859375 0.82578125 0.025 0.040625
0 0.175 0.88125 0.021875 0.0421875
0 0.19921875 0.9421875 0.0234375 0.03203125
0 0.1203125 0.88203125 0.02265625 0.0375
0 0.09296875 0.82109375 0.01875 0.03125
0 0.08671875 0.80390625 0.01640625 0.02265625
0 0.0875 0.78515625 0.0203125 0.0234375
0 0.0859375 0.7640625 0.0171875 0.021875
0 0.090625 0.74609375 0.01796875 0.028125
0 0.096875 0.72734375 0.0171875 0.02734375
0 0.1 0.70859375 0.01796875 0.03046875
0 0.1125 0.6828125 0.0171875 0.03046875
0 0.1265625 0.75546875 0.0140625 0.03203125
0 0.1453125 0.7296875 0.0171875 0.0328125
0 0.1453125 0.80390625 0.0171875 0.03125
0 0.16328125 0.82109375 0.0171875 0.0359375
0 0.17421875 0.80703125 0.021875 0.0375
0 0.18671875 0.79375 0.0203125 0.034375
0 0.21796875 0.74375 0.01953125 0.0328125
0 0.22890625 0.72890625 0.0203125 0.0375
0 0.25859375 0.6828125 0.021875 0.03359375
0 0.27890625 0.65390625 0.0203125 0.03359375
0 0.3203125 0.59765625 0.0203125 0.03203125
0 0.309375 0.57578125 0.01875 0.02890625
0 0.28046875 0.54609375 0.015625 0.0265625
0 0.25703125 0.5421875 0.0171875 0.025
0 0.24765625 0.55546875 0.01640625 0.0234375
0 0.2625 0.56796875 0.01953125 0.03046875
0 0.25234375 0.58125 0.01875 0.02578125
0 0.24375 0.59375 0.015625 0.028125
0 0.26796875 0.62734375 0.01875 0.0296875
0 0.25703125 0.64375 0.01875 0.0296875
0 0.24765625 0.659375 0.01875 0.02734375
0 0.20390625 0.64296875 0.01640625 0.03125
0 0.21328125 0.63046875 0.01796875 0.03046875
0 0.22890625 0.5796875 0.015625 0.0265625
0 0.21875 0.59296875 0.01640625 0.0265625
0 0.20234375 0.53359375 0.0203125 0.04140625
0 0.1765625 0.578125 0.01875 0.0328125
0 0.1703125 0.59375 0.01640625 0.0265625
0 0.16015625 0.60859375 0.015625 0.0265625
0 0.1484375 0.61953125 0.01484375 0.02578125
0 0.1421875 0.63203125 0.015625 0.02421875
0 0.13359375 0.6453125 0.01640625 0.028125
0 0.12578125 0.6546875 0.015625 0.0265625
0 0.11796875 0.6671875 0.01640625 0.028125
0 0.1515625 0.68125 0.01484375 0.028125
0 0.16171875 0.665625 0.015625 0.0296875
0 0.1703125 0.65390625 0.015625 0.02890625
0 0.184375 0.67109375 0.01796875 0.0328125
0 0.190625 0.62734375 0.01484375 0.02890625
0 0.19921875 0.6140625 0.01640625 0.0296875
0 0.165625 0.6984375 0.0171875 0.03515625
0 0.184375 0.7421875 0.01875 0.03203125
0 0.19609375 0.73046875 0.01796875 0.03203125
0 0.17578125 0.7578125 0.0171875 0.0296875
0 0.165625 0.7734375 0.01875 0.0328125
0 0.15 0.990625 0.0265625 0.01875
0 0.09921875 0.94609375 0.01875 0.03359375
0 0.0609375 0.73984375 0.0109375 0.034375
0 0.0328125 0.7171875 0.01640625 0.02265625
0 0.20859375 0.36953125 0.01640625 0.025
0 0.26640625 0.29296875 0.015625 0.02265625
0 0.1859375 0.31015625 0.0109375 0.01875
0 0.16640625 0.33203125 0.01171875 0.01875
0 0.14140625 0.34765625 0.009375 0.0140625
0 0.11484375 0.41328125 0.01171875 0.01640625
0 0.9125 0.7953125 0.02421875 0.0359375
0 0.83359375 0.7328125 0.0203125 0.03515625
0 0.74921875 0.65859375 0.02109375 0.03359375
0 0.62421875 0.5421875 0.0203125 0.03359375
0 0.5421875 0.44609375 0.0203125 0.03359375
0 0.48359375 0.36328125 0.01328125 0.028125
0 0.703125 0.53515625 0.0203125 0.0265625
0 0.74453125 0.56875 0.01171875 0.02734375
0 0.79140625 0.61015625 0.01171875 0.03125
0 0.82578125 0.6375 0.0125 0.03203125
0 0.8625 0.5734375 0.015625 0.02890625
0 0.88125 0.5875 0.01484375 0.0265625
0 0.90234375 0.60625 0.01171875 0.02265625
0 0.92109375 0.6046875 0.009375 0.0234375
0 0.934375 0.61640625 0.00625 0.02421875
0 0.94453125 0.6234375 0.00703125 0.02421875
0 0.953125 0.6359375 0.00859375 0.028125
0 0.9359375 0.65703125 0.01328125 0.025
0 0.95 0.67109375 0.01328125 0.025
0 0.9796875 0.6796875 0.01171875 0.0234375
0 0.99296875 0.69453125 0.009375 0.021875
0 0.984375 0.8859375 0.0125 0.02578125
0 0.9265625 0.91484375 0.0171875 0.02890625
0 0.9828125 0.82265625 0.0109375 0.02421875
0 0.9625 0.75078125 0.0078125 0.03125
0 0.9703125 0.75859375 0.00859375 0.03359375
0 0.98046875 0.77109375 0.00625 0.0359375
0 0.98828125 0.778125 0.00390625 0.034375
0 0.99453125 0.784375 0.00546875 0.0328125
0 0.746875 0.48515625 0.0171875 0.025
0 0.646875 0.4140625 0.01796875 0.02890625
0 0.590625 0.3203125 0.01875 0.02265625
0 0.5984375 0.31328125 0.0140625 0.021875
0 0.60390625 0.278125 0.015625 0.01875
0 0.609375 0.26875 0.0125 0.0171875
0 0.6265625 0.24609375 0.01484375 0.015625
0 0.65078125 0.328125 0.01796875 0.02421875
0 0.6671875 0.29921875 0.01484375 0.0203125
0 0.6765625 0.2796875 0.0140625 0.02265625
0 0.4484375 0.17734375 0.00546875 0.01484375
0 0.5109375 0.2359375 0.0078125 0.0171875
0 0.509375 0.3078125 0.00703125 0.0203125
0 0.459375 0.13671875 0.009375 0.0171875
0 0.4453125 0.14765625 0.00859375 0.01640625
0 0.39296875 0.13125 0.0109375 0.01484375
0 0.35234375 0.17421875 0.0125 0.0203125
0 0.41796875 0.09765625 0.009375 0.0140625