0 0.2765625 0.3375 0.01484375 0.01640625
0 0.2890625 0.34375 0.015625 0.01953125
0 0.2234375 0.39375 0.0171875 0.01875
0 0.2234375 0.41171875 0.015625 0.0234375
0 0.18828125 0.48359375 0.015625 0.02578125
0 0.1515625 0.5359375 0.0140625 0.0203125
0 0.1265625 0.5015625 0.01875 0.02578125
0 0.1046875 0.5171875 0.0140625 0.0234375
0 0.07734375 0.63359375 0.01875 0.03125
0 0.04921875 0.665625 0.01640625 0.0234375
0 0.0703125 0.69765625 0.01640625 0.03125
0 0.05703125 0.75 0.0109375 0.0359375
0 0.05390625 0.80859375 0.01328125 0.034375
0 0.0875 0.7828125 0.02109375 0.02421875
0 0.08671875 0.803125 0.01640625 0.02265625
0 0.09296875 0.8203125 0.01953125 0.040625
0 0.10078125 0.9546875 0.0171875 0.02890625
0 0.13828125 0.984375 0.0203125 0.03125
0 0.46015625 0.659375 0.021875 0.04296875
0 0.5640625 0.665625 0.028125 0.06640625
0 0.52890625 0.615625 0.0203125 0.0328125
0 0.49140625 0.57421875 0.0203125 0.03203125
0 0.48828125 0.546875 0.0234375 0.0328125
0 0.41015625 0.49140625 0.01953125 0.02890625
0 0.36328125 0.4828125 0.01953125 0.028125
0 0.31953125 0.45078125 0.01875 0.025
0 0.47578125 0.37578125 0.01640625 0.021875
0 0.53515625 0.4359375 0.02421875 0.03828125
0 0.63359375 0.5484375 0.02265625 0.03125
0 0.64453125 0.66328125 0.02578125 0.0390625
0 0.5609375 0.8 0.01875 0.04609375
0 0.52734375 0.87890625 0.02734375 0.0453125
0 0.48515625 0.97109375 0.0234375 0.0484375
0 0.35 0.99296875 0.0328125 0.01328125
0 0.48515625 0.35703125 0.0140625 0.021875
0 0.45625 0.2859375 0.01171875 0.021875
0 0.4453125 0.2015625 0.0078125 0.01640625
0 0.45078125 0.16328125 0.00859375 0.01875
0 0.2921875 0.26015625 0.015625 0.01953125
0 0.3078125 0.25625 0.0140625 0.0203125
0 0.35 0.23125 0.0140625 0.01875
0 0.34375 0.184375 0.0109375 0.01796875
0 0.403125 0.165625 0.01015625 0.0125
0 0.440625 0.121875 0.00859375 0.01484375
0 0.203125 0.5328125 0.021875 0.04140625
0 0.17734375 0.578125 0.01953125 0.03203125
0 0.1703125 0.59375 0.01640625 0.02734375
0 0.15859375 0.60703125 0.0171875 0.0265625
0 0.1484375 0.61953125 0.015625 0.0265625
0 0.1421875 0.63125 0.0140625 0.02421875
0 0.1328125 0.6453125 0.01796875 0.02890625
0 0.125 0.65546875 0.015625 0.02734375
0 0.11796875 0.66796875 0.015625 0.02578125
0 0.11171875 0.6828125 0.01796875 0.028125
0 0.1 0.71015625 0.01640625 0.02578125
0 0.096875 0.728125 0.01640625 0.025
0 0.09140625 0.74609375 0.0171875 0.025
0 0.0859375 0.7625 0.0171875 0.02890625
0 0.12421875 0.75546875 0.01875 0.03359375
0 0.1453125 0.72890625 0.01796875 0.0296875
0 0.1640625 0.7 0.01953125 0.03046875
0 0.184375 0.67109375 0.01796875 0.02890625
0 0.2046875 0.6453125 0.01640625 0.0296875
0 0.21328125 0.63046875 0.01640625 0.03125
0 0.24296875 0.59453125 0.01796875 0.0265625
0 0.253125 0.58125 0.01640625 0.0265625
0 0.26328125 0.57265625 0.0171875 0.0296875
0 0.2796875 0.54453125 0.01875 0.028125
0 0.309375 0.575 0.0171875 0.02421875
0 0.32109375 0.59921875 0.01953125 0.03125
0 0.27890625 0.65390625 0.0203125 0.03203125
0 0.2578125 0.68203125 0.02109375 0.03515625
0 0.24765625 0.659375 0.01875 0.0296875
0 0.25703125 0.64375 0.01875 0.03046875
0 0.26875 0.63125 0.01640625 0.0265625
0 0.30625 0.703125 0.02109375 0.0296875
0 0.3171875 0.6859375 0.01953125 0.03125
0 0.328125 0.67265625 0.0203125 0.0296875
0 0.33828125 0.65625 0.01953125 0.03125
0 0.34765625 0.64296875 0.02265625 0.03203125
0 0.36640625 0.6140625 0.021875 0.028125
0 0.37578125 0.6 0.021875 0.02890625
0 0.35546875 0.72109375 0.02265625 0.03203125
0 0.3453125 0.73984375 0.02265625 0.03203125
0 0.32265625 0.771875 0.02265625 0.0359375
0 0.28671875 0.82578125 0.02421875 0.0390625
0 0.175 0.88125 0.0203125 0.040625
0 0.2 0.9421875 0.021875 0.03125
0 0.12109375 0.8828125 0.02109375 0.03984375
0 0.146875 0.80546875 0.01484375 0.02890625
0 0.16328125 0.821875 0.0171875 0.034375
0 0.17421875 0.80859375 0.02109375 0.03671875
0 0.1875 0.79375 0.01796875 0.03203125
0 0.16484375 0.7734375 0.01796875 0.03203125
0 0.17421875 0.75703125 0.01640625 0.0296875
0 0.184375 0.7421875 0.01875 0.03046875
0 0.19609375 0.72890625 0.01640625 0.03203125
0 0.21796875 0.74375 0.01875 0.03125
0 0.22890625 0.7296875 0.01875 0.03671875
0 0.17109375 0.65625 0.01640625 0.0234375
0 0.1625 0.6703125 0.015625 0.0203125
0 0.15234375 0.6828125 0.01484375 0.0234375
0 0.18984375 0.628125 0.01484375 0.025
0 0.19921875 0.6171875 0.015625 0.02734375
0 0.21875 0.5921875 0.0140625 0.0265625
0 0.22890625 0.578125 0.0140625 0.02890625
0 0.246875 0.5546875 0.015625 0.028125
0 0.25859375 0.54296875 0.01640625 0.028125
0 0.87265625 0.85234375 0.01953125 0.034375
0 0.89140625 0.778125 0.01875 0.0328125
0 0.94609375 0.8296875 0.01640625 0.03046875
0 0.98359375 0.8234375 0.01015625 0.02265625
0 0.9953125 0.83515625 0.00859375 0.025
0 0.96328125 0.75078125 0.01015625 0.03046875
0 0.9703125 0.759375 0.00546875 0.03359375
0 0.98125 0.771875 0.00546875 0.03515625
0 0.9875 0.778125 0.00546875 0.03515625
0 0.9953125 0.78359375 0.00625 0.03515625
0 0.95078125 0.67265625 0.01171875 0.0265625
0 0.9359375 0.6578125 0.01328125 0.0234375
0 0.90234375 0.60703125 0.01328125 0.025
0 0.88046875 0.58984375 0.0140625 0.025
0 0.86171875 0.571875 0.01640625 0.0265625
0 0.746875 0.484375 0.01796875 0.0265625
0 0.74453125 0.56875 0.01328125 0.028125
0 0.7921875 0.60859375 0.01328125 0.03359375
0 0.82578125 0.6375 0.0125 0.03515625
0 0.703125 0.53359375 0.02109375 0.02734375
0 0.64609375 0.41484375 0.01875 0.02734375
0 0.590625 0.321875 0.0171875 0.01953125
0 0.5984375 0.31171875 0.015625 0.0203125
0 0.60390625 0.278125 0.01640625 0.0171875
0 0.60859375 0.2671875 0.01328125 0.015625
0 0.62578125 0.2453125 0.015625 0.01875
0 0.65 0.328125 0.01953125 0.02265625
0 0.66640625 0.296875 0.01640625 0.0203125
0 0.67734375 0.28046875 0.0140625 0.02109375
0 0.92109375 0.60234375 0.00859375 0.02734375
0 0.934375 0.615625 0.00703125 0.02734375
0 0.94296875 0.621875 0.00703125 0.028125
0 0.9515625 0.63515625 0.00859375 0.02890625
0 0.98046875 0.6796875 0.01015625 0.01953125
0 0.99296875 0.69453125 0.01015625 0.01875
0 0.7671875 0.67578125 0.0203125 0.03203125
0 0.02265625 0.65546875 0.01484375 0.02734375
0 0.0109375 0.75859375 0.01484375 0.0265625