0 0.2890625 0.82578125 0.0203125 0.03515625
0 0.3234375 0.77109375 0.021875 0.034375
0 0.35546875 0.72109375 0.02265625 0.0359375
0 0.3765625 0.68828125 0.025 0.040625
0 0.38203125 0.628125 0.0203125 0.034375
0 0.3765625 0.596875 0.02265625 0.03671875
0 0.3390625 0.65625 0.021875 0.03515625
0 0.32890625 0.67109375 0.02421875 0.03125
0 0.2984375 0.71796875 0.02265625 0.0328125
0 0.37109375 0.8125 0.02421875 0.0375
0 0.390625 0.77578125 0.02421875 0.03984375
0 0.4109375 0.7421875 0.0234375 0.03671875
0 0.43515625 0.70546875 0.02109375 0.0390625
0 0.45390625 0.66953125 0.02109375 0.034375
0 0.46015625 0.63359375 0.01484375 0.040625
0 0.44453125 0.59453125 0.021875 0.03125
0 0.46171875 0.55234375 0.02578125 0.03515625
0 0.33671875 0.43828125 0.0203125 0.03046875
0 0.3078125 0.43671875 0.01796875 0.0265625
0 0.615625 0.67421875 0.02734375 0.03515625
0 0.63125 0.66171875 0.02578125 0.0421875
0 0.65078125 0.6546875 0.021875 0.0390625
0 0.64609375 0.575 0.025 0.0390625
0 0.534375 0.45859375 0.02578125 0.04140625
0 0.471875 0.33125 0.0125 0.0296875
0 0.44765625 0.2703125 0.0125 0.02421875
0 0.44609375 0.215625 0.00859375 0.02421875
0 0.2671875 0.628125 0.01953125 0.0328125
0 0.27890625 0.6546875 0.0203125 0.03515625
0 0.26796875 0.66640625 0.02421875 0.04140625
0 0.25859375 0.6859375 0.02265625 0.034375
0 0.2390625 0.715625 0.021875 0.03203125
0 0.21796875 0.74375 0.021875 0.034375
0 0.2078125 0.71640625 0.01640625 0.0328125
0 0.19609375 0.73125 0.02109375 0.0328125
0 0.17265625 0.80546875 0.0265625 0.046875
0 0.165625 0.7734375 0.02109375 0.0375
0 0.146875 0.80625 0.01640625 0.034375
0 0.1875 0.928125 0.02578125 0.03828125
0 0.13125 0.98125 0.02421875 0.03671875
0 0.10234375 0.834375 0.0203125 0.0296875
0 0.11953125 0.88203125 0.02265625 0.03828125
0 0.0875 0.80390625 0.0171875 0.02734375
0 0.09140625 0.7453125 0.01796875 0.02890625
0 0.10078125 0.71015625 0.0171875 0.034375
0 0.11796875 0.66875 0.0171875 0.03125
0 0.12421875 0.6546875 0.01640625 0.03125
0 0.159375 0.60625 0.015625 0.0296875
0 0.16875 0.5921875 0.0171875 0.0328125
0 0.17734375 0.57734375 0.02109375 0.03984375
0 0.1953125 0.5484375 0.0171875 0.03203125
0 0.2234375 0.50546875 0.0265625 0.0484375
0 0.234375 0.49296875 0.02734375 0.0453125
0 0.26015625 0.5421875 0.0171875 0.025
0 0.28046875 0.5453125 0.01796875 0.028125
0 0.26328125 0.56796875 0.01953125 0.03125
0 0.25390625 0.58203125 0.01796875 0.02421875
0 0.24375 0.59296875 0.01875 0.03046875
0 0.2390625 0.5671875 0.01640625 0.028125
0 0.21484375 0.63046875 0.01796875 0.03125
0 0.2 0.615625 0.0171875 0.02734375
0 0.2046875 0.64375 0.0203125 0.03359375
0 0.18046875 0.64140625 0.01796875 0.03046875
0 0.18515625 0.6734375 0.02109375 0.03125
0 0.16171875 0.66875 0.01796875 0.02890625
0 0.165625 0.69921875 0.0203125 0.0375
0 0.0453125 0.67265625 0.01640625 0.0296875
0 0.07109375 0.57265625 0.01484375 0.03125
0 0.140625 0.5171875 0.0171875 0.0296875
0 0.13984375 0.5421875 0.01875 0.02734375
0 0.19453125 0.478125 0.02109375 0.03125
0 0.2390625 0.39453125 0.01484375 0.0265625
0 0.2640625 0.34140625 0.01640625 0.02734375
0 0.32421875 0.27109375 0.0125 0.01953125
0 0.3046875 0.259375 0.0140625 0.02265625
0 0.38828125 0.21328125 0.0125 0.02109375
0 0.3453125 0.23828125 0.0125 0.021875
0 0.390625 0.18046875 0.01328125 0.01796875
0 0.375 0.14609375 0.01328125 0.01953125
0 0.10390625 0.396875 0.0125 0.01953125
0 0.11796875 0.38125 0.0140625 0.021875
0 0.140625 0.34921875 0.01015625 0.0171875
0 0.14453125 0.3421875 0.0109375 0.01875
0 0.15390625 0.31875 0.01171875 0.02265625
0 0.165625 0.2953125 0.0125 0.01953125
0 0.16015625 0.26171875 0.01015625 0.0234375
0 0.71953125 0.8203125 0.01953125 0.04140625
0 0.73515625 0.83125 0.0171875 0.0453125
0 0.75703125 0.8765625 0.02421875 0.03125
0 0.76796875 0.77109375 0.02265625 0.0390625
0 0.8171875 0.678125 0.0203125 0.034375
0 0.8640625 0.76640625 0.021875 0.034375
0 0.953125 0.84375 0.01796875 0.0328125
0 0.9609375 0.92109375 0.01875 0.0328125
0 0.8921875 0.88984375 0.0265625 0.03828125
0 0.63671875 0.48359375 0.01953125 0.02734375
0 0.634375 0.4046875 0.01796875 0.0296875
0 0.678125 0.4390625 0.01796875 0.028125
0 0.703125 0.45234375 0.0203125 0.0328125
0 0.7328125 0.47265625 0.021875 0.03046875
0 0.78671875 0.5125 0.01875 0.03125
0 0.8125 0.53359375 0.01875 0.03203125
0 0.84296875 0.55546875 0.01796875 0.03359375
0 0.86328125 0.57265625 0.0171875 0.034375
0 0.8828125 0.5890625 0.015625 0.03359375
0 0.89921875 0.6015625 0.0171875 0.034375
0 0.921875 0.64375 0.01640625 0.03515625
0 0.93828125 0.6578125 0.01796875 0.03203125
0 0.87109375 0.6671875 0.0125 0.0328125
0 0.8515625 0.653125 0.009375 0.03203125
0 0.83984375 0.64296875 0.01171875 0.034375
0 0.80703125 0.61875 0.0140625 0.0328125
0 0.79375 0.6109375 0.0140625 0.0359375
0 0.7703125 0.5875 0.01328125 0.03515625
0 0.7546875 0.57578125 0.01328125 0.0359375
0 0.95859375 0.79140625 0.015625 0.0296875
0 0.9625 0.75078125 0.009375 0.03359375
0 0.97265625 0.76015625 0.00859375 0.03828125
0 0.98125 0.77109375 0.00703125 0.03828125
0 0.98828125 0.77734375 0.00703125 0.0390625
0 0.9953125 0.78515625 0.00859375 0.034375
0 0.9734375 0.67265625 0.01328125 0.03046875
0 0.93359375 0.61640625 0.009375 0.03125
0 0.94140625 0.621875 0.0109375 0.0375
0 0.60625 0.2859375 0.015625 0.0171875
0 0.6125 0.25859375 0.01640625 0.02265625
0 0.61953125 0.24140625 0.02265625 0.0328125
0 0.6765625 0.278125 0.01484375 0.021875
0 0.66953125 0.29140625 0.01640625 0.0265625
0 0.66171875 0.30390625 0.0171875 0.025
0 0.65390625 0.31796875 0.0171875 0.0171875
0 0.64609375 0.33515625 0.01953125 0.0234375
0 0.415625 0.1734375 0.01171875 0.02109375
0 0.40703125 0.17421875 0.0125 0.01953125
0 0.4546875 0.146875 0.0109375 0.0171875
0 0.45625 0.0859375 0.00859375 0.015625
0 0.4734375 0.0765625 0.00859375 0.0140625
0 0.4890625 0.071875 0.00703125 0.01171875