0 0.1390625 0.9859375 0.021875 0.028125
0 0.0734375 0.90234375 0.01640625 0.0328125
0 0.08671875 0.8046875 0.01875 0.02578125
0 0.0875 0.784375 0.02109375 0.02890625
0 0.090625 0.74765625 0.01875 0.02578125
0 0.09921875 0.71015625 0.0171875 0.03359375
0 0.11015625 0.68359375 0.01796875 0.0328125
0 0.1171875 0.66953125 0.015625 0.03203125
0 0.125 0.653125 0.015625 0.03359375
0 0.16796875 0.59296875 0.01640625 0.028125
0 0.17734375 0.57734375 0.01875 0.03515625
0 0.23359375 0.4921875 0.0296875 0.0453125
0 0.15390625 0.5234375 0.028125 0.04296875
0 0.11484375 0.5046875 0.01640625 0.028125
0 0.0765625 0.578125 0.01484375 0.028125
0 0.04765625 0.609375 0.01875 0.02734375
0 0.028125 0.73515625 0.01640625 0.03203125
0 0.14609375 0.80546875 0.015625 0.0328125
0 0.17421875 0.80390625 0.0203125 0.040625
0 0.165625 0.77421875 0.01640625 0.034375
0 0.19453125 0.72890625 0.01875 0.03125
0 0.20625 0.71796875 0.01640625 0.0296875
0 0.21796875 0.7421875 0.01953125 0.0359375
0 0.25859375 0.68359375 0.01953125 0.0359375
0 0.27734375 0.6546875 0.02265625 0.0359375
0 0.26640625 0.63125 0.01796875 0.03125
0 0.31796875 0.59765625 0.02265625 0.03515625
0 0.37578125 0.59921875 0.0234375 0.0328125
0 0.3375 0.6578125 0.02265625 0.0375
0 0.32734375 0.671875 0.02265625 0.0328125
0 0.296875 0.71875 0.021875 0.0328125
0 0.27421875 0.75078125 0.0234375 0.03359375
0 0.2875 0.825 0.021875 0.03984375
0 0.3546875 0.72109375 0.021875 0.0359375
0 0.37578125 0.68828125 0.0234375 0.03671875
0 0.25234375 0.5828125 0.015625 0.02734375
0 0.2609375 0.56875 0.01875 0.0328125
0 0.278125 0.54609375 0.0171875 0.028125
0 0.2375 0.5671875 0.015625 0.02890625
0 0.19921875 0.61875 0.015625 0.03203125
0 0.21328125 0.6328125 0.01796875 0.03359375
0 0.203125 0.64375 0.0203125 0.03359375
0 0.1890625 0.62734375 0.01796875 0.02734375
0 0.1796875 0.6421875 0.0171875 0.03046875
0 0.1609375 0.66796875 0.01796875 0.0265625
0 0.165625 0.7015625 0.01640625 0.03125
0 0.23671875 0.6734375 0.01796875 0.028125
0 0.471875 0.94609375 0.034375 0.046875
0 0.36171875 0.8203125 0.0234375 0.03828125
0 0.38515625 0.78359375 0.02265625 0.040625
0 0.41015625 0.740625 0.0234375 0.04296875
0 0.4625 0.64296875 0.0140625 0.0359375
0 0.475 0.56953125 0.021875 0.034375
0 0.340625 0.46796875 0.01875 0.028125
0 0.296875 0.3140625 0.01484375 0.0265625
0 0.31953125 0.3046875 0.01484375 0.01875
0 0.13671875 0.3578125 0.0109375 0.01328125
0 0.1390625 0.34765625 0.01171875 0.01640625
0 0.14453125 0.34140625 0.00859375 0.01484375
0 0.1609375 0.34921875 0.01171875 0.01796875
0 0.16796875 0.3375 0.01171875 0.02265625
0 0.1515625 0.3171875 0.01015625 0.01640625
0 0.115625 0.378125 0.01484375 0.02109375
0 0.1015625 0.396875 0.01484375 0.01875
0 0.675 0.43515625 0.01953125 0.02890625
0 0.69921875 0.45078125 0.01953125 0.0234375
0 0.72109375 0.4671875 0.01875 0.0265625
0 0.7453125 0.484375 0.02109375 0.02734375
0 0.80703125 0.53125 0.0203125 0.028125
0 0.83125 0.5484375 0.01796875 0.0265625
0 0.85390625 0.56484375 0.0171875 0.02890625
0 0.88828125 0.59296875 0.01484375 0.02421875
0 0.90625 0.60859375 0.01640625 0.02421875
0 0.63515625 0.40234375 0.01640625 0.02578125
0 0.6328125 0.36640625 0.01875 0.0234375
0 0.57578125 0.33515625 0.01796875 0.01875
0 0.5953125 0.3140625 0.01640625 0.02109375
0 0.6015625 0.30390625 0.01484375 0.02265625
0 0.60625 0.29609375 0.0171875 0.02421875
0 0.559375 0.284375 0.0078125 0.02109375
0 0.57109375 0.23828125 0.009375 0.01875
0 0.5546875 0.23203125 0.00703125 0.02109375
0 0.61953125 0.2359375 0.01640625 0.02578125
0 0.64453125 0.340625 0.01875 0.021875
0 0.65 0.3234375 0.01796875 0.0265625
0 0.65625 0.3109375 0.01953125 0.02421875
0 0.6640625 0.29765625 0.01875 0.025
0 0.6703125 0.28515625 0.01484375 0.0234375
0 0.74140625 0.56484375 0.01484375 0.0375
0 0.7546875 0.575 0.01328125 0.03828125
0 0.76796875 0.5859375 0.01171875 0.0390625
0 0.78046875 0.59296875 0.0140625 0.03828125
0 0.80390625 0.6140625 0.0125 0.0359375
0 0.815625 0.6234375 0.01328125 0.03515625
0 0.75390625 0.6734375 0.0203125 0.0296875
0 0.73984375 0.74765625 0.02578125 0.03828125
0 0.87265625 0.7046875 0.01640625 0.02578125
0 0.71796875 0.81953125 0.02109375 0.053125
0 0.73515625 0.83125 0.01875 0.0453125
0 0.8703125 0.6671875 0.01171875 0.03828125
0 0.91875 0.60390625 0.0109375 0.03046875
0 0.9328125 0.615625 0.01171875 0.03359375
0 0.94375 0.6265625 0.009375 0.02890625
0 0.92109375 0.64296875 0.01328125 0.028125
0 0.9390625 0.6578125 0.01640625 0.02890625
0 0.97109375 0.67109375 0.0140625 0.025
0 0.984375 0.6828125 0.0125 0.025
0 0.96171875 0.74765625 0.0078125 0.03125
0 0.97109375 0.75625 0.009375 0.0359375
0 0.9796875 0.76953125 0.0078125 0.0359375
0 0.93203125 0.9140625 0.01953125 0.0375
0 0.9921875 0.82578125 0.0140625 0.02734375