0 0.634375 0.740625 0.5515625 0.19609375
0 0.6734375 0.63046875 0.51640625 0.1453125
0 0.6671875 0.50703125 0.4875 0.14921875
0 0.7171875 0.396875 0.47890625 0.15859375
0 0.703125 0.30078125 0.3765625 0.12109375
0 0.734375 0.1984375 0.428125 0.1765625
0 0.7515625 0.10546875 0.425 0.159375
0 0.3359375 0.08359375 0.35859375 0.125
0 0.221875 0.2125 0.403125 0.15625
0 0.20390625 0.53203125 0.4078125 0.21328125
0 0.1953125 0.44296875 0.390625 0.178125
0 0.184375 0.69296875 0.36796875 0.209375
0 0.140625 0.8703125 0.28125 0.171875
0 0.38515625 0.90859375 0.6328125 0.1828125