0 0.10078125 0.45234375 0.1046875 0.2703125
0 0.1953125 0.44765625 0.0796875 0.2625
0 0.29921875 0.4359375 0.07578125 0.23203125
0 0.371875 0.42734375 0.0734375 0.253125
0 0.4578125 0.41328125 0.07890625 0.2515625
0 0.56875 0.43125 0.071875 0.24453125
0 0.69453125 0.43515625 0.075 0.24296875
0 0.7890625 0.41796875 0.08046875 0.2328125
0 0.91015625 0.490625 0.1 0.2671875
0 0.73203125 0.7484375 0.08515625 0.3125
0 0.58203125 0.7453125 0.08359375 0.33125
0 0.4484375 0.74921875 0.0703125 0.31640625
0 0.3203125 0.778125 0.0765625 0.2828125
0 0.18671875 0.7828125 0.0890625 0.2765625
0 0.09140625 0.78671875 0.12109375 0.33828125
0 0.03359375 0.759375 0.0671875 0.31640625
0 0.8609375 0.746875 0.0953125 0.325
0 0.95625 0.78515625 0.08671875 0.29140625
0 0.88125 0.05859375 0.071875 0.11640625
0 0.95625 0.04921875 0.075 0.09765625
0 0.80625 0.06171875 0.06328125 0.11796875
0 0.70234375 0.05703125 0.06328125 0.1140625
0 0.63515625 0.05546875 0.0609375 0.10625
0 0.5609375 0.0515625 0.05625 0.096875
0 0.49453125 0.05 0.05234375 0.09375
0 0.42265625 0.04296875 0.05390625 0.0859375
0 0.334375 0.04765625 0.0578125 0.090625
0 0.2609375 0.0359375 0.059375 0.071875
0 0.18046875 0.0484375 0.06015625 0.09453125
0 0.109375 0.0359375 0.06171875 0.0640625
0 0.01796875 0.0359375 0.0359375 0.071875