0 0.63984375 0.73203125 0.19296875 0.22734375
0 0.571875 0.609375 0.2 0.17734375
0 0.5390625 0.534375 0.1546875 0.13125
0 0.496875 0.4140625 0.10703125 0.1171875
0 0.40703125 0.3765625 0.096875 0.09765625
0 0.515625 0.328125 0.084375 0.0859375
0 0.6921875 0.2875 0.07265625 0.0953125
0 0.79375 0.44453125 0.07421875 0.10546875
0 0.6 0.165625 0.053125 0.0515625
0 0.60859375 0.184375 0.0453125 0.05078125
0 0.63203125 0.2078125 0.05078125 0.0484375
0 0.6515625 0.22734375 0.05234375 0.05
0 0.66640625 0.24609375 0.05390625 0.0578125
0 0.50390625 0.2703125 0.06953125 0.0609375
0 0.49921875 0.2390625 0.08046875 0.06328125
0 0.4890625 0.21796875 0.06484375 0.059375
0 0.47890625 0.19921875 0.06875 0.05625
0 0.4640625 0.16875 0.05546875 0.05
0 0.45 0.10703125 0.03125 0.04375
0 0.39765625 0.1140625 0.028125 0.05
0 0.34765625 0.1140625 0.028125 0.04296875
0 0.32109375 0.1109375 0.0265625 0.040625
0 0.26171875 0.16875 0.04296875 0.05234375
0 0.24296875 0.27734375 0.0609375 0.06875
0 0.22421875 0.3875 0.0609375 0.140625
0 0.41875 0.3 0.0828125 0.08828125
0 0.4078125 0.24765625 0.084375 0.07578125
0 0.3953125 0.2046875 0.0640625 0.0703125
0 0.38984375 0.18515625 0.0578125 0.06328125