0 0.3484375 0.515625 0.04296875 0.075
0 0.16640625 0.6109375 0.0453125 0.05078125
0 0.190625 0.5375 0.03984375 0.0671875
0 0.23515625 0.44765625 0.03828125 0.06875
0 0.25 0.4203125 0.03984375 0.065625
0 0.3328125 0.32109375 0.03359375 0.0578125
0 0.35703125 0.290625 0.03984375 0.0625
0 0.378125 0.26015625 0.04765625 0.078125
0 0.41875 0.203125 0.03984375 0.05625
0 0.48671875 0.10546875 0.06640625 0.1046875
0 0.57578125 0.1859375 0.03828125 0.0484375
0 0.62578125 0.19140625 0.03984375 0.05625
0 0.8625 0.06484375 0.05 0.0640625
0 0.85859375 0.3015625 0.0609375 0.065625
0 0.87109375 0.36484375 0.04921875 0.08203125
0 0.85859375 0.49140625 0.059375 0.07578125
0 0.94375 0.60234375 0.0578125 0.07578125
0 0.8921875 0.675 0.05859375 0.07734375
0 0.84609375 0.74921875 0.059375 0.0796875
0 0.64609375 0.7796875 0.05390625 0.07890625
0 0.7296875 0.6625 0.05703125 0.09140625
0 0.8078125 0.5578125 0.05390625 0.08359375
0 0.74296875 0.4515625 0.05859375 0.07734375
0 0.7671875 0.4234375 0.053125 0.0828125
0 0.66796875 0.55390625 0.05390625 0.07421875
0 0.525 0.5484375 0.0484375 0.0671875
0 0.5734375 0.4828125 0.0515625 0.07109375
0 0.596875 0.44921875 0.0578125 0.0796875
0 0.62265625 0.42265625 0.046875 0.0703125
0 0.5953125 0.37109375 0.04453125 0.07109375
0 0.5625 0.2671875 0.03984375 0.06484375
0 0.5828125 0.2390625 0.0484375 0.0734375
0 0.5375 0.290625 0.04296875 0.065625
0 0.52421875 0.2359375 0.04296875 0.06171875
0 0.4328125 0.34140625 0.03515625 0.06015625
0 0.38359375 0.39296875 0.0421875 0.0609375
0 0.39609375 0.45859375 0.04296875 0.0640625
0 0.33984375 0.4484375 0.03984375 0.0625
0 0.4484375 0.5484375 0.040625 0.0640625
0 0.47734375 0.60703125 0.04453125 0.0734375
0 0.4234375 0.578125 0.04140625 0.0671875
0 0.34765625 0.66953125 0.04609375 0.08359375
0 0.3703125 0.7359375 0.0515625 0.08671875
0 0.303125 0.7375 0.03671875 0.0671875
0 0.19765625 0.796875 0.046875 0.08125
0 0.1578125 0.7375 0.04296875 0.05078125
0 0.03046875 0.59375 0.0375 0.0734375
0 0.5140625 0.07890625 0.06953125 0.1046875
0 0.40078125 0.9703125 0.06640625 0.059375
0 0.2484375 0.19140625 0.0453125 0.07734375
0 0.3203125 0.13359375 0.04296875 0.07578125
0 0.3671875 0.11953125 0.04921875 0.075
0 0.2390625 0.89921875 0.0546875 0.09140625
0 0.4640625 0.37421875 0.04375 0.0703125
0 0.44296875 0.39765625 0.0453125 0.07578125