0 0.825 0.76875 0.0578125 0.090625
0 0.8796875 0.6921875 0.053125 0.09296875
0 0.93984375 0.6 0.0578125 0.090625
0 0.80390625 0.5578125 0.05859375 0.06953125
0 0.85703125 0.49453125 0.0578125 0.06953125
0 0.76484375 0.4265625 0.05390625 0.065625
0 0.74140625 0.45625 0.05546875 0.065625
0 0.66484375 0.55390625 0.05625 0.0703125
0 0.6109375 0.61953125 0.0546875 0.07265625
0 0.64296875 0.77890625 0.0546875 0.0828125
0 0.36953125 0.7359375 0.05 0.0859375
0 0.85546875 0.3046875 0.05703125 0.059375
0 0.71875 0.303125 0.0515625 0.0609375
0 0.5125 0.07890625 0.071875 0.1
0 0.6234375 0.19453125 0.0390625 0.05234375
0 0.58125 0.24375 0.04453125 0.0671875
0 0.559375 0.26953125 0.0390625 0.05859375
0 0.52265625 0.2375 0.0390625 0.05234375
0 0.59375 0.3703125 0.04453125 0.06640625
0 0.6203125 0.421875 0.05078125 0.07109375
0 0.571875 0.4828125 0.05234375 0.071875
0 0.521875 0.46171875 0.04296875 0.0609375
0 0.47578125 0.609375 0.04453125 0.06640625
0 0.4484375 0.5515625 0.03828125 0.06015625
0 0.42109375 0.5765625 0.04140625 0.06640625
0 0.346875 0.66953125 0.0453125 0.071875
0 0.30078125 0.73671875 0.040625 0.065625
0 0.34765625 0.51796875 0.04140625 0.07109375
0 0.3375 0.45234375 0.0421875 0.05859375
0 0.38203125 0.39609375 0.0421875 0.05546875
0 0.44140625 0.4015625 0.04453125 0.065625
0 0.4625 0.37421875 0.04140625 0.065625
0 0.43046875 0.340625 0.0375 0.0625
0 0.40390625 0.36484375 0.0421875 0.06015625
0 0.37578125 0.2609375 0.0453125 0.07578125
0 0.35625 0.29140625 0.03984375 0.059375
0 0.24296875 0.28984375 0.040625 0.06640625
0 0.81484375 0.0578125 0.059375 0.06328125
0 0.15703125 0.7359375 0.04375 0.05078125
0 0.1609375 0.69296875 0.05078125 0.04765625
0 0.16875 0.61484375 0.04453125 0.05234375
0 0.18984375 0.5359375 0.04140625 0.0640625
0 0.21796875 0.48203125 0.04140625 0.06484375
0 0.2328125 0.45 0.0375 0.071875
0 0.24921875 0.42109375 0.0390625 0.06796875
0 0.1265625 0.9375 0.0359375 0.07578125
0 0.04921875 0.5671875 0.03671875 0.0640625
0 0.109375 0.559375 0.03515625 0.08515625