0 0.69609375 0.25625 0.04609375 0.05625
0 0.72109375 0.3046875 0.0515625 0.0625
0 0.8359375 0.3328125 0.05234375 0.05703125
0 0.85703125 0.303125 0.05703125 0.075
0 0.93984375 0.33203125 0.0484375 0.08359375
0 0.88125 0.46171875 0.06015625 0.06640625
0 0.790625 0.39375 0.053125 0.06640625
0 0.7671875 0.4265625 0.046875 0.0609375
0 0.74296875 0.453125 0.0546875 0.06875
0 0.71640625 0.4875 0.0484375 0.0625
0 0.6875 0.52421875 0.0578125 0.06171875
0 0.80859375 0.56015625 0.05546875 0.07890625
0 0.7828125 0.59609375 0.05625 0.0734375
0 0.728125 0.66953125 0.05859375 0.0796875
0 0.5015625 0.57890625 0.05 0.07890625
0 0.47578125 0.60703125 0.046875 0.06953125
0 0.5734375 0.48046875 0.05078125 0.07421875
0 0.6234375 0.42109375 0.04765625 0.06953125
0 0.596875 0.3671875 0.04765625 0.06640625
0 0.571875 0.39921875 0.046875 0.0640625
0 0.546875 0.428125 0.0453125 0.06484375
0 0.53671875 0.29375 0.0421875 0.06484375
0 0.56015625 0.26640625 0.040625 0.06953125
0 0.58359375 0.24453125 0.0484375 0.07109375
0 0.6265625 0.19375 0.0390625 0.05625
0 0.91875 0.0625 0.04453125 0.059375
0 0.18671875 0.11484375 0.0578125 0.11796875
0 0.04296875 0.35625 0.034375 0.06015625
0 0.1296875 0.271875 0.03125 0.06640625
0 0.10234375 0.26953125 0.03046875 0.07109375
0 0.09140625 0.25078125 0.025 0.065625
0 0.22265625 0.10625 0.03359375 0.06484375
0 0.4375 0.1671875 0.05234375 0.08828125
0 0.5 0.2625 0.03828125 0.053125
0 0.546875 0.2109375 0.0390625 0.06484375
0 0.57265625 0.1859375 0.0390625 0.06484375
0 0.47578125 0.2875 0.0390625 0.06484375
0 0.43046875 0.340625 0.04296875 0.0640625
0 0.4640625 0.3734375 0.040625 0.0671875
0 0.44296875 0.4015625 0.04296875 0.06875
0 0.40859375 0.36484375 0.03515625 0.05625
0 0.37734375 0.2609375 0.046875 0.075
0 0.33515625 0.32109375 0.034375 0.0609375
0 0.3078125 0.3453125 0.0359375 0.0671875
0 0.290625 0.3703125 0.03671875 0.0609375
0 0.2734375 0.4015625 0.03671875 0.0640625
0 0.25 0.421875 0.03828125 0.06171875
0 0.234375 0.44921875 0.0375 0.06484375
0 0.21875 0.4796875 0.0421875 0.0625
0 0.190625 0.5375 0.04140625 0.06171875
0 0.1828125 0.5765625 0.04296875 0.05625
0 0.16875 0.61328125 0.04140625 0.05390625
0 0.15625 0.6515625 0.04375 0.040625
0 0.15859375 0.69140625 0.0546875 0.0515625
0 0.1578125 0.7375 0.04375 0.04375
0 0.171875 0.76875 0.04921875 0.0859375
0 0.309375 0.8515625 0.05625 0.06484375
0 0.34296875 0.76875 0.04296875 0.07578125
0 0.4 0.7140625 0.04765625 0.078125
0 0.346875 0.66953125 0.04296875 0.07265625
0 0.3015625 0.73359375 0.03671875 0.065625
0 0.25546875 0.63515625 0.03203125 0.0625
0 0.30078125 0.5765625 0.0359375 0.06953125
0 0.3484375 0.515625 0.03984375 0.0734375
0 0.31796875 0.47734375 0.0359375 0.06015625
0 0.33984375 0.4484375 0.0375 0.0578125
0 0.3609375 0.42109375 0.03671875 0.0609375
0 0.3953125 0.45703125 0.03984375 0.07109375
0 0.42265625 0.58046875 0.03984375 0.06875
0 0.39609375 0.60703125 0.04296875 0.06640625
0 0.36796875 0.63671875 0.04296875 0.0703125
0 0.640625 0.77890625 0.06171875 0.08828125