0 0.4859375 0.10859375 0.0671875 0.10390625
0 0.5109375 0.08125 0.07109375 0.103125
0 0.625 0.19140625 0.0375 0.0578125
0 0.57421875 0.18671875 0.04296875 0.05390625
0 0.58203125 0.240625 0.04609375 0.075
0 0.5953125 0.36953125 0.04296875 0.0734375
0 0.621875 0.4203125 0.046875 0.07734375
0 0.5953125 0.45078125 0.05859375 0.084375
0 0.57265625 0.4828125 0.0515625 0.0734375
0 0.5203125 0.459375 0.046875 0.06484375
0 0.44140625 0.4015625 0.0453125 0.06875
0 0.43125 0.34140625 0.03984375 0.05625
0 0.41484375 0.2015625 0.046875 0.0609375
0 0.3765625 0.25859375 0.04609375 0.07734375
0 0.33125 0.321875 0.03671875 0.06640625
0 0.2125 0.3296875 0.0484375 0.0703125
0 0.228125 0.2046875 0.075 0.11796875
0 0.19921875 0.296875 0.03984375 0.07109375
0 0.0578125 0.36875 0.03828125 0.078125
0 0.02109375 0.571875 0.03984375 0.0875
0 0.1125 0.5328125 0.0375 0.09296875
0 0.084375 0.6390625 0.028125 0.08828125
0 0.08359375 0.76875 0.028125 0.0875
0 0.11640625 0.92734375 0.040625 0.0828125
0 0.1578125 0.7359375 0.04453125 0.059375
0 0.1671875 0.6140625 0.04296875 0.059375
0 0.18984375 0.5390625 0.04296875 0.06875
0 0.23359375 0.4484375 0.0375 0.075
0 0.2484375 0.4234375 0.040625 0.07265625
0 0.33828125 0.453125 0.04296875 0.06484375
0 0.346875 0.51796875 0.04296875 0.0734375
0 0.42265625 0.58203125 0.04140625 0.0671875
0 0.446875 0.55078125 0.040625 0.06953125
0 0.47578125 0.60859375 0.0453125 0.078125
0 0.61171875 0.62578125 0.05546875 0.075
0 0.6671875 0.5546875 0.0546875 0.0703125
0 0.7421875 0.45625 0.05625 0.0734375
0 0.76484375 0.42578125 0.0546875 0.07421875
0 0.8578125 0.4921875 0.06171875 0.07890625
0 0.86796875 0.3625 0.0515625 0.07578125
0 0.85625 0.30390625 0.05546875 0.06171875
0 0.56015625 0.26875 0.040625 0.059375
0 0.521875 0.234375 0.0421875 0.0578125
0 0.5359375 0.29296875 0.04296875 0.06484375
0 0.3828125 0.39609375 0.03984375 0.06015625
0 0.3 0.7359375 0.03671875 0.065625
0 0.36796875 0.73515625 0.0546875 0.084375
0 0.346875 0.66953125 0.04140625 0.07109375
0 0.73046875 0.6671875 0.05546875 0.07578125
0 0.86015625 0.72265625 0.06015625 0.0921875
0 0.965625 0.5046875 0.05078125 0.078125
0 0.80546875 0.5640625 0.06015625 0.07265625