0 0.72265625 0.30390625 0.0515625 0.06171875
0 0.6953125 0.2578125 0.04609375 0.065625
0 0.6265625 0.19453125 0.03984375 0.05703125
0 0.4390625 0.1671875 0.0515625 0.08984375
0 0.4125 0.0625 0.04609375 0.05390625
0 0.28984375 0.15703125 0.0609375 0.0796875
0 0.27578125 0.07578125 0.03984375 0.06015625
0 0.21328125 0.340625 0.0390625 0.05703125
0 0.13359375 0.49921875 0.03671875 0.065625
0 0.0546875 0.465625 0.0359375 0.05625
0 0.19140625 0.53828125 0.0390625 0.0640625
0 0.1828125 0.57734375 0.03984375 0.05390625
0 0.16875 0.61328125 0.03828125 0.05390625
0 0.1578125 0.65078125 0.040625 0.04921875
0 0.159375 0.69140625 0.0578125 0.0515625
0 0.15625 0.73359375 0.04375 0.05234375
0 0.17109375 0.76875 0.05 0.084375
0 0.37109375 0.896875 0.0546875 0.0921875
0 0.240625 0.890625 0.05546875 0.08359375
0 0.3015625 0.73359375 0.0375 0.06875
0 0.34296875 0.76875 0.04296875 0.078125
0 0.3703125 0.74140625 0.053125 0.0875
0 0.4 0.71171875 0.05 0.075
0 0.47578125 0.60546875 0.0453125 0.06953125
0 0.50234375 0.578125 0.046875 0.07890625
0 0.6421875 0.7796875 0.0578125 0.0875
0 0.728125 0.66796875 0.05625 0.0828125
0 0.7828125 0.59453125 0.0546875 0.08125
0 0.8078125 0.5609375 0.05390625 0.07890625
0 0.83359375 0.33203125 0.05390625 0.06484375
0 0.8578125 0.30625 0.05546875 0.06015625
0 0.790625 0.39765625 0.0546875 0.065625
0 0.7671875 0.42578125 0.0484375 0.06875
0 0.74296875 0.4546875 0.05546875 0.0734375
0 0.715625 0.48671875 0.05234375 0.06953125
0 0.6890625 0.52265625 0.053125 0.07109375
0 0.5734375 0.484375 0.05 0.07265625
0 0.62421875 0.425 0.04765625 0.0734375
0 0.596875 0.36953125 0.04609375 0.06171875
0 0.571875 0.40078125 0.04453125 0.0609375
0 0.546875 0.425 0.04609375 0.0640625
0 0.421875 0.58125 0.046875 0.07109375
0 0.39765625 0.60625 0.04453125 0.0703125
0 0.3703125 0.6375 0.0453125 0.06953125
0 0.34765625 0.6703125 0.04375 0.0671875
0 0.3015625 0.5765625 0.0375 0.06875
0 0.34765625 0.51640625 0.0421875 0.0734375
0 0.39453125 0.45703125 0.04296875 0.06640625
0 0.4421875 0.39921875 0.04296875 0.07109375
0 0.4640625 0.36953125 0.04296875 0.07109375
0 0.5375 0.29140625 0.0390625 0.06171875
0 0.5609375 0.26953125 0.03984375 0.06171875
0 0.58203125 0.2421875 0.04765625 0.07109375
0 0.571875 0.18671875 0.04140625 0.05625
0 0.54609375 0.21015625 0.03984375 0.059375
0 0.49765625 0.26015625 0.04609375 0.0578125
0 0.47421875 0.290625 0.0421875 0.05625
0 0.4296875 0.33984375 0.04453125 0.05703125
0 0.409375 0.36640625 0.03828125 0.059375
0 0.378125 0.2625 0.046875 0.07578125
0 0.3625 0.2953125 0.0375 0.05390625
0 0.33671875 0.32109375 0.03671875 0.05546875
0 0.30859375 0.346875 0.03671875 0.06171875
0 0.29140625 0.3734375 0.034375 0.0578125
0 0.2734375 0.40234375 0.03828125 0.059375
0 0.24921875 0.421875 0.03984375 0.06171875
0 0.23515625 0.446875 0.03828125 0.0640625
0 0.21875 0.47890625 0.04296875 0.06640625
0 0.25234375 0.63046875 0.03828125 0.0734375
0 0.31484375 0.4765625 0.03828125 0.06015625
0 0.33984375 0.4484375 0.03984375 0.0625
0 0.36015625 0.421875 0.03984375 0.06015625