0 0.48671875 0.1078125 0.06640625 0.10625
0 0.51171875 0.0796875 0.07265625 0.10078125
0 0.575 0.184375 0.04296875 0.0515625
0 0.6265625 0.1921875 0.0375 0.05703125
0 0.7671875 0.42421875 0.053125 0.0734375
0 0.859375 0.49140625 0.059375 0.0796875
0 0.94375 0.60546875 0.05703125 0.08359375
0 0.8953125 0.6765625 0.0546875 0.08828125
0 0.846875 0.75234375 0.0546875 0.08671875
0 0.72890625 0.66796875 0.0578125 0.07734375
0 0.80703125 0.56015625 0.0546875 0.06953125
0 0.74375 0.45234375 0.0546875 0.075
0 0.66796875 0.5515625 0.05625 0.075
0 0.6234375 0.42265625 0.0484375 0.06484375
0 0.59609375 0.36953125 0.04296875 0.06953125
0 0.56171875 0.265625 0.03828125 0.0609375
0 0.5828125 0.2390625 0.04765625 0.07421875
0 0.41875 0.2015625 0.04140625 0.0609375
0 0.525 0.234375 0.03984375 0.065625
0 0.43046875 0.34140625 0.0359375 0.065625
0 0.4640625 0.36953125 0.04296875 0.06875
0 0.44296875 0.39921875 0.04609375 0.07109375
0 0.384375 0.3953125 0.04140625 0.0609375
0 0.378125 0.2578125 0.0453125 0.07890625
0 0.3578125 0.28984375 0.0375 0.065625
0 0.5375 0.2921875 0.04140625 0.06640625
0 0.59609375 0.45078125 0.059375 0.08203125
0 0.64453125 0.77734375 0.05234375 0.08828125
0 0.478125 0.609375 0.04765625 0.07421875
0 0.52578125 0.55 0.046875 0.075
0 0.5734375 0.484375 0.05 0.07109375
0 0.44921875 0.54765625 0.04140625 0.06484375
0 0.4234375 0.5765625 0.04296875 0.07265625
0 0.3484375 0.6703125 0.0453125 0.0734375
0 0.36953125 0.73515625 0.05546875 0.08828125
0 0.3 0.73515625 0.0421875 0.06875
0 0.16875 0.6109375 0.0421875 0.053125
0 0.1890625 0.53515625 0.04296875 0.06484375
0 0.234375 0.44921875 0.03984375 0.0703125
0 0.25 0.42109375 0.0390625 0.065625
0 0.1578125 0.7328125 0.04765625 0.0515625
0 0.19765625 0.79765625 0.0484375 0.07265625
0 0.2390625 0.8953125 0.053125 0.09296875
0 0.4015625 0.9765625 0.07109375 0.046875
0 0.34765625 0.5140625 0.04609375 0.0796875
0 0.3390625 0.45078125 0.0421875 0.0703125
0 0.3953125 0.45703125 0.04453125 0.07265625
0 0.87109375 0.365625 0.05 0.0828125
0 0.85859375 0.30390625 0.0578125 0.06875
0 0.3703125 0.1125 0.0421875 0.07109375
0 0.325 0.12734375 0.04609375 0.0703125
0 0.25546875 0.18125 0.046875 0.06953125
0 0.03671875 0.58125 0.03984375 0.065625
0 0.98515625 0.52890625 0.0296875 0.0734375
0 0.865625 0.06796875 0.05390625 0.06171875