0 0.86015625 0.49140625 0.0609375 0.07578125
0 0.9578125 0.41015625 0.03359375 0.0859375
0 0.2109375 0.3296875 0.04453125 0.07421875
0 0.09921875 0.57265625 0.04140625 0.09921875
0 0.40546875 0.96640625 0.0609375 0.0671875
0 0.37109375 0.896875 0.0546875 0.09296875
0 0.64453125 0.778125 0.05625 0.084375
0 0.6765625 0.7375 0.0578125 0.0796875
0 0.73203125 0.66640625 0.053125 0.0796875
0 0.80859375 0.5609375 0.0578125 0.06953125
0 0.74375 0.453125 0.05546875 0.0703125
0 0.7671875 0.425 0.05234375 0.065625
0 0.83359375 0.328125 0.05078125 0.0609375
0 0.859375 0.30234375 0.05546875 0.0640625
0 0.7234375 0.3015625 0.05 0.06640625
0 0.7 0.33359375 0.05546875 0.0640625
0 0.596875 0.36953125 0.0421875 0.0640625
0 0.621875 0.42109375 0.04921875 0.06640625
0 0.5984375 0.45234375 0.05703125 0.075
0 0.57421875 0.4828125 0.04921875 0.07265625
0 0.52421875 0.46015625 0.04296875 0.06171875
0 0.52578125 0.5453125 0.0484375 0.07265625
0 0.478125 0.60859375 0.04609375 0.06953125
0 0.44921875 0.5484375 0.04140625 0.06640625
0 0.42421875 0.57890625 0.0421875 0.06640625
0 0.4015625 0.7109375 0.04765625 0.07578125
0 0.37109375 0.73515625 0.05 0.08125
0 0.34921875 0.66796875 0.04140625 0.07421875
0 0.30234375 0.73359375 0.0375 0.06875
0 0.240625 0.89609375 0.05703125 0.090625
0 0.21953125 0.8640625 0.0453125 0.07265625
0 0.1578125 0.734375 0.0421875 0.046875
0 0.159375 0.69296875 0.0515625 0.04921875
0 0.16640625 0.61171875 0.04296875 0.04921875
0 0.190625 0.53359375 0.0421875 0.0671875
0 0.2203125 0.4828125 0.0421875 0.06171875
0 0.234375 0.446875 0.03984375 0.06953125
0 0.2515625 0.41953125 0.03828125 0.0640625
0 0.640625 0.58671875 0.05625 0.06953125
0 0.66953125 0.55390625 0.05390625 0.06953125
0 0.6265625 0.19140625 0.0375 0.05703125
0 0.5140625 0.0875 0.0421875 0.05859375
0 0.48828125 0.10625 0.06484375 0.10078125
0 0.37890625 0.25703125 0.05 0.07734375
0 0.359375 0.29140625 0.0359375 0.05625
0 0.33203125 0.31875 0.03671875 0.0609375
0 0.3109375 0.34453125 0.0390625 0.06328125
0 0.34140625 0.45 0.03984375 0.06171875
0 0.38515625 0.39609375 0.03828125 0.059375
0 0.40703125 0.3625 0.04140625 0.0609375
0 0.434375 0.34296875 0.03359375 0.05859375
0 0.465625 0.3703125 0.0421875 0.06796875
0 0.52421875 0.2359375 0.04375 0.0578125
0 0.56328125 0.26640625 0.03828125 0.05859375
0 0.58515625 0.23984375 0.04375 0.06796875
0 0.54765625 0.2109375 0.04140625 0.05703125
0 0.3484375 0.5140625 0.04375 0.07890625
0 0.29453125 0.50625 0.03984375 0.0609375
0 0.3265625 0.5453125 0.04296875 0.07265625
0 0.25625 0.634375 0.03671875 0.07421875
0 0.1921875 0.18125 0.040625 0.06796875
0 0.15390625 0.2015625 0.03671875 0.06640625
0 0.11953125 0.2109375 0.0328125 0.0625
0 0.09921875 0.27578125 0.03671875 0.06640625
0 0.0640625 0.28984375 0.03359375 0.059375
0 0.03984375 0.36875 0.034375 0.06953125
0 0.2390625 0.08515625 0.0390625 0.0578125
0 0.37578125 0.071875 0.04140625 0.06640625
0 0.21640625 0.08203125 0.0390625 0.06796875
0 0.16640625 0.146875 0.03984375 0.065625