0 0.371875 0.89921875 0.05703125 0.096875
0 0.409375 0.96953125 0.0625 0.0609375
0 0.27421875 0.90390625 0.0515625 0.08671875
0 0.2421875 0.89140625 0.05625 0.09140625
0 0.21953125 0.8671875 0.04609375 0.07578125
0 0.19375 0.80234375 0.046875 0.0703125
0 0.15859375 0.73515625 0.04375 0.046875
0 0.15859375 0.690625 0.0484375 0.05390625
0 0.159375 0.65078125 0.0453125 0.04921875
0 0.16640625 0.6125 0.040625 0.04921875
0 0.18984375 0.534375 0.0421875 0.06484375
0 0.6453125 0.778125 0.0515625 0.07890625
0 0.6734375 0.7375 0.05078125 0.08125
0 0.7015625 0.69765625 0.053125 0.07890625
0 0.73203125 0.66796875 0.05390625 0.07890625
0 0.82265625 0.78125 0.05703125 0.09296875
0 0.4859375 0.10859375 0.0625 0.09609375
0 0.515625 0.0875 0.03828125 0.05703125
0 0.6265625 0.19296875 0.03828125 0.0546875
0 0.3765625 0.2578125 0.04765625 0.07578125
0 0.3546875 0.290625 0.03671875 0.06484375
0 0.3296875 0.32109375 0.0390625 0.0609375
0 0.3109375 0.3453125 0.03828125 0.06171875
0 0.24921875 0.421875 0.03828125 0.0609375
0 0.2328125 0.44765625 0.0390625 0.0640625
0 0.21953125 0.48046875 0.03828125 0.06640625
0 0.61171875 0.61875 0.05 0.06875
0 0.6671875 0.553125 0.04765625 0.06953125
0 0.69140625 0.51875 0.05234375 0.0640625
0 0.7171875 0.4828125 0.04140625 0.0609375
0 0.7421875 0.453125 0.04765625 0.0640625
0 0.76796875 0.4265625 0.05078125 0.06484375
0 0.78984375 0.39375 0.04921875 0.0640625
0 0.83359375 0.328125 0.0515625 0.06171875
0 0.859375 0.30390625 0.0515625 0.0640625
0 0.78046875 0.59765625 0.05390625 0.0640625
0 0.80859375 0.5609375 0.05625 0.06640625
0 0.85703125 0.490625 0.0578125 0.07109375
0 0.884375 0.46328125 0.05234375 0.06484375
0 0.58359375 0.24296875 0.0453125 0.0609375
0 0.54765625 0.21328125 0.0421875 0.05703125
0 0.69609375 0.25703125 0.04609375 0.06015625
0 0.72109375 0.3015625 0.04921875 0.07265625
0 0.69921875 0.33671875 0.053125 0.0671875
0 0.671875 0.3625 0.04609375 0.06796875
0 0.671875 0.2796875 0.04453125 0.05703125
0 0.62265625 0.33671875 0.04609375 0.0671875
0 0.6234375 0.42421875 0.04609375 0.06875
0 0.596875 0.3703125 0.04296875 0.0640625
0 0.57109375 0.3953125 0.0453125 0.06015625
0 0.596875 0.453125 0.05625 0.07578125
0 0.5734375 0.48515625 0.04921875 0.071875
0 0.52265625 0.46171875 0.0453125 0.065625
0 0.55 0.51484375 0.04765625 0.07421875
0 0.52421875 0.54609375 0.04765625 0.0734375
0 0.51484375 0.31640625 0.04140625 0.06484375
0 0.56328125 0.2671875 0.0375 0.059375
0 0.525 0.23828125 0.040625 0.05703125
0 0.30234375 0.7375 0.03359375 0.06328125
0 0.34375 0.76640625 0.04765625 0.071875
0 0.371875 0.734375 0.04765625 0.0796875
0 0.4 0.7046875 0.04765625 0.07890625
0 0.428125 0.67578125 0.04609375 0.07890625
0 0.45625 0.6421875 0.04921875 0.078125
0 0.32578125 0.7 0.04140625 0.0640625
0 0.34765625 0.66796875 0.0390625 0.0625
0 0.3703125 0.63828125 0.04375 0.07890625
0 0.3953125 0.60625 0.04375 0.07265625
0 0.42265625 0.58125 0.04140625 0.07265625
0 0.44921875 0.5484375 0.03828125 0.0640625
0 0.475 0.60546875 0.05078125 0.07578125
0 0.49921875 0.57578125 0.04921875 0.07734375
0 0.4421875 0.3984375 0.0421875 0.06953125
0 0.39453125 0.459375 0.04296875 0.071875
0 0.34609375 0.51640625 0.046875 0.07265625
0 0.25625 0.6328125 0.03671875 0.06640625
0 0.278125 0.6109375 0.0421875 0.0640625
0 0.30234375 0.57578125 0.03515625 0.06484375
0 0.32578125 0.546875 0.0390625 0.06796875
0 0.29375 0.5078125 0.0390625 0.06328125
0 0.315625 0.4765625 0.03671875 0.06015625
0 0.33984375 0.45078125 0.03828125 0.06328125
0 0.36015625 0.42578125 0.040625 0.0703125
0 0.40625 0.3640625 0.040625 0.06015625
0 0.43125 0.3421875 0.03671875 0.05625
0 0.4625 0.3765625 0.04375 0.06875
0 0.4921875 0.34921875 0.04296875 0.07109375
0 0.45234375 0.3109375 0.0375 0.06171875
0 0.478125 0.2859375 0.0421875 0.0640625
0 0.5 0.26015625 0.03984375 0.06015625