0 0.4078125 0.9640625 0.0625 0.071875
0 0.37265625 0.90078125 0.0578125 0.096875
0 0.3703125 0.7359375 0.05078125 0.08359375
0 0.3484375 0.66953125 0.0453125 0.071875
0 0.303125 0.7375 0.03671875 0.06484375
0 0.25546875 0.6328125 0.03671875 0.07109375
0 0.3265625 0.5453125 0.03984375 0.0703125
0 0.34921875 0.51953125 0.03984375 0.06484375
0 0.42421875 0.5796875 0.0421875 0.071875
0 0.37109375 0.63515625 0.04375 0.0703125
0 0.478125 0.60859375 0.04609375 0.07109375
0 0.5265625 0.5484375 0.046875 0.06953125
0 0.45 0.55234375 0.03984375 0.06328125
0 0.64140625 0.5875 0.05546875 0.07578125
0 0.66875 0.5546875 0.0546875 0.0734375
0 0.73359375 0.66875 0.05390625 0.07578125
0 0.703125 0.69765625 0.0609375 0.08515625
0 0.6765625 0.73671875 0.05703125 0.08515625
0 0.64453125 0.778125 0.05703125 0.08515625
0 0.78046875 0.6015625 0.059375 0.07421875
0 0.80859375 0.56328125 0.05703125 0.0734375
0 0.85703125 0.49375 0.0609375 0.0765625
0 0.884375 0.4609375 0.0546875 0.065625
0 0.83125 0.328125 0.05390625 0.0640625
0 0.85859375 0.30390625 0.05703125 0.0625
0 0.76640625 0.42734375 0.05390625 0.06875
0 0.74296875 0.45546875 0.05703125 0.06796875
0 0.72265625 0.3046875 0.0515625 0.06796875
0 0.70078125 0.3359375 0.0578125 0.06875
0 0.675 0.36328125 0.053125 0.07109375
0 0.5953125 0.36953125 0.0484375 0.0703125
0 0.62265625 0.425 0.04921875 0.06875
0 0.5984375 0.45234375 0.0578125 0.07890625
0 0.5734375 0.484375 0.05078125 0.07265625
0 0.52421875 0.46015625 0.04375 0.06328125
0 0.23828125 0.89375 0.05390625 0.09296875
0 0.2203125 0.86640625 0.04765625 0.08203125
0 0.15859375 0.73671875 0.04140625 0.04921875
0 0.15859375 0.69453125 0.05 0.0515625
0 0.15859375 0.653125 0.0453125 0.046875
0 0.16640625 0.615625 0.0421875 0.05
0 0.1890625 0.5359375 0.0421875 0.0671875
0 0.21796875 0.48046875 0.04609375 0.07421875
0 0.2328125 0.4484375 0.03984375 0.06796875
0 0.24921875 0.42265625 0.03984375 0.06640625
0 0.309375 0.34453125 0.040625 0.06875
0 0.33203125 0.32109375 0.03671875 0.0671875
0 0.35625 0.2921875 0.03515625 0.0625
0 0.3765625 0.26015625 0.04765625 0.08359375
0 0.2953125 0.5078125 0.04140625 0.06015625
0 0.3390625 0.45 0.03984375 0.06171875
0 0.38515625 0.3953125 0.03984375 0.06640625
0 0.40703125 0.36328125 0.03984375 0.06171875
0 0.43203125 0.3421875 0.03515625 0.059375
0 0.4640625 0.3734375 0.04140625 0.0671875
0 0.45390625 0.31484375 0.03828125 0.05625
0 0.52421875 0.23671875 0.0453125 0.0578125
0 0.56171875 0.26796875 0.04140625 0.059375
0 0.62578125 0.1921875 0.03984375 0.0546875
0 0.584375 0.24375 0.04609375 0.06875
0 0.54765625 0.2125 0.04140625 0.0625
0 0.48984375 0.1109375 0.059375 0.096875
0 0.51484375 0.090625 0.0421875 0.06484375
0 0.31328125 0.18984375 0.053125 0.07890625
0 0.21484375 0.16015625 0.05078125 0.084375
0 0.15546875 0.196875 0.04375 0.07109375
0 0.1234375 0.20703125 0.03984375 0.0703125
0 0.075 0.2734375 0.04375 0.06953125
0 0.0859375 0.30078125 0.04375 0.06484375
0 0.0328125 0.3421875 0.0375 0.07421875
0 0.2625 0.02734375 0.03984375 0.0546875