0 0.6375 0.58671875 0.05390625 0.07890625
0 0.6890625 0.51875 0.053125 0.07265625
0 0.74140625 0.45625 0.05859375 0.06875
0 0.76640625 0.42265625 0.04921875 0.06640625
0 0.72109375 0.30390625 0.05 0.06171875
0 0.8109375 0.36328125 0.0515625 0.0625
0 0.83515625 0.3296875 0.0515625 0.06484375
0 0.85859375 0.3046875 0.053125 0.06171875
0 0.88203125 0.4609375 0.05703125 0.07109375
0 0.94765625 0.58359375 0.05703125 0.084375
0 0.8953125 0.2359375 0.046875 0.0703125
0 0.88203125 0.68828125 0.0578125 0.0921875
0 0.47578125 0.60859375 0.04609375 0.06875
0 0.42265625 0.5796875 0.04296875 0.06640625
0 0.3953125 0.60859375 0.04609375 0.0703125
0 0.34765625 0.67265625 0.04609375 0.07265625
0 0.36953125 0.740625 0.05625 0.08671875
0 0.34453125 0.76953125 0.04296875 0.075
0 0.303125 0.7359375 0.0359375 0.0671875
0 0.17109375 0.76875 0.0546875 0.07421875
0 0.159375 0.73515625 0.04375 0.04765625
0 0.16015625 0.69140625 0.05 0.0515625
0 0.15546875 0.65390625 0.04296875 0.04921875
0 0.16875 0.6140625 0.04140625 0.053125
0 0.18203125 0.5765625 0.04296875 0.05546875
0 0.1890625 0.5359375 0.04296875 0.0609375
0 0.23359375 0.44921875 0.03671875 0.06640625
0 0.24921875 0.421875 0.03828125 0.06171875
0 0.271875 0.39921875 0.0375 0.0671875
0 0.290625 0.3734375 0.034375 0.05703125
0 0.30703125 0.34921875 0.0359375 0.06171875
0 0.3359375 0.3234375 0.0359375 0.06015625
0 0.37734375 0.26015625 0.0484375 0.08125
0 0.43828125 0.1671875 0.05546875 0.09296875
0 0.625 0.19140625 0.03828125 0.05546875
0 0.95703125 0.1421875 0.053125 0.06484375
0 0.23671875 0.2984375 0.04609375 0.06171875
0 0.06328125 0.36328125 0.03515625 0.06015625
0 0.13359375 0.48515625 0.03828125 0.07109375
0 0.0859375 0.64609375 0.0296875 0.07734375
0 0.109375 0.9015625 0.03828125 0.07890625
0 0.25390625 0.63125 0.0359375 0.06875
0 0.3484375 0.5140625 0.04296875 0.078125
0 0.39296875 0.45546875 0.04296875 0.07734375
0 0.4421875 0.39921875 0.04296875 0.06953125
0 0.46328125 0.36875 0.0421875 0.06953125
0 0.5359375 0.29296875 0.03984375 0.0609375
0 0.56015625 0.26875 0.03828125 0.0625
0 0.58359375 0.2421875 0.04609375 0.06953125
0 0.571875 0.1890625 0.040625 0.06484375
0 0.5453125 0.21015625 0.03984375 0.059375
0 0.49921875 0.26015625 0.03984375 0.0609375
0 0.4734375 0.29140625 0.04296875 0.05390625
0 0.4296875 0.33828125 0.03984375 0.06171875
0 0.409375 0.3671875 0.03828125 0.0578125
0 0.36015625 0.421875 0.0390625 0.0625
0 0.34140625 0.44765625 0.03984375 0.059375
0 0.3140625 0.478125 0.0390625 0.06171875
0 0.5453125 0.42890625 0.0484375 0.06640625
0 0.571875 0.3984375 0.04296875 0.06875
0 0.596875 0.36875 0.04765625 0.06953125
0 0.62421875 0.4234375 0.04609375 0.07421875
0 0.5734375 0.478125 0.05 0.0828125
0 0.7 0.70234375 0.06015625 0.0921875
0 0.7828125 0.59921875 0.0546875 0.07890625
0 0.809375 0.55859375 0.0546875 0.0828125
0 0.6390625 0.77578125 0.06484375 0.0953125
0 0.240625 0.896875 0.0578125 0.08203125