0 0.3015625 0.73125 0.0375 0.0796875
0 0.3421875 0.76875 0.04453125 0.08125
0 0.4015625 0.71171875 0.04609375 0.07734375
0 0.47578125 0.60703125 0.0453125 0.07109375
0 0.5015625 0.578125 0.05 0.08203125
0 0.5734375 0.48125 0.0515625 0.07734375
0 0.62421875 0.421875 0.046875 0.075
0 0.59765625 0.3671875 0.046875 0.0703125
0 0.571875 0.39921875 0.04296875 0.0671875
0 0.5484375 0.428125 0.04296875 0.06640625
0 0.68828125 0.51953125 0.0578125 0.07734375
0 0.7140625 0.48359375 0.053125 0.06875
0 0.74296875 0.45625 0.053125 0.06953125
0 0.7671875 0.42890625 0.04921875 0.0640625
0 0.721875 0.3046875 0.0515625 0.065625
0 0.83515625 0.33203125 0.0546875 0.06640625
0 0.8578125 0.30390625 0.05703125 0.0625
0 0.8796875 0.46484375 0.0609375 0.07109375
0 0.80859375 0.56171875 0.05546875 0.06953125
0 0.7828125 0.59765625 0.05859375 0.0734375
0 0.72734375 0.66953125 0.059375 0.07890625
0 0.64140625 0.78046875 0.06015625 0.0875
0 0.42109375 0.57890625 0.04375 0.06640625
0 0.39609375 0.6078125 0.04453125 0.06953125
0 0.36875 0.6359375 0.04296875 0.0671875
0 0.34765625 0.6734375 0.04296875 0.0734375
0 0.25390625 0.6328125 0.034375 0.07109375
0 0.346875 0.5140625 0.04375 0.07578125
0 0.39453125 0.45703125 0.040625 0.07109375
0 0.44296875 0.4 0.04453125 0.07421875
0 0.46328125 0.36875 0.04296875 0.06953125
0 0.5375 0.29140625 0.03984375 0.06484375
0 0.56015625 0.2671875 0.040625 0.06484375
0 0.58359375 0.24375 0.04453125 0.06640625
0 0.625 0.19296875 0.03984375 0.05625
0 0.57265625 0.1859375 0.0421875 0.059375
0 0.5484375 0.21640625 0.040625 0.05703125
0 0.50234375 0.26328125 0.0375 0.0625
0 0.43671875 0.16640625 0.0578125 0.09140625
0 0.3578125 0.125 0.0453125 0.05625
0 0.11015625 0.22578125 0.03984375 0.05546875
0 0.08515625 0.290625 0.0359375 0.0625
0 0.11015625 0.459375 0.046875 0.065625
0 0.10859375 0.54140625 0.040625 0.07890625
0 0.19140625 0.53671875 0.04140625 0.0625
0 0.184375 0.57578125 0.03984375 0.053125
0 0.16875 0.61328125 0.04296875 0.0515625
0 0.15703125 0.65 0.04296875 0.04453125
0 0.1578125 0.690625 0.05625 0.05078125
0 0.15859375 0.7359375 0.04375 0.04375
0 0.1703125 0.7671875 0.0484375 0.08203125
0 0.23515625 0.4484375 0.0359375 0.0671875
0 0.25 0.42109375 0.03828125 0.0671875
0 0.271875 0.4015625 0.03984375 0.065625
0 0.28984375 0.37109375 0.03984375 0.0625
0 0.30546875 0.34375 0.0390625 0.065625
0 0.33515625 0.3234375 0.0390625 0.0625
0 0.37734375 0.26015625 0.0484375 0.07578125
0 0.31640625 0.47890625 0.0375 0.0609375
0 0.34140625 0.44765625 0.03828125 0.06015625
0 0.36171875 0.421875 0.0390625 0.065625
0 0.4078125 0.36796875 0.0375 0.05625
0 0.43046875 0.33828125 0.0375 0.06484375
0 0.47421875 0.2859375 0.04296875 0.0640625
0 0.8859375 0.08984375 0.04765625 0.059375
0 0.946875 0.13359375 0.0515625 0.06953125
0 0.23984375 0.89296875 0.0578125 0.07578125