0 0.765625 0.42421875 0.05390625 0.0625
0 0.7234375 0.303125 0.0484375 0.06484375
0 0.8328125 0.3265625 0.05390625 0.06328125
0 0.85859375 0.3046875 0.05390625 0.05859375
0 0.85859375 0.4921875 0.06015625 0.078125
0 0.80703125 0.56171875 0.05703125 0.071875
0 0.73046875 0.665625 0.05625 0.08046875
0 0.67578125 0.740625 0.05859375 0.08359375
0 0.64453125 0.77890625 0.05625 0.08515625
0 0.64140625 0.5859375 0.053125 0.07265625
0 0.66875 0.55234375 0.05234375 0.0703125
0 0.74375 0.4546875 0.0546875 0.06875
0 0.70078125 0.3359375 0.05234375 0.06796875
0 0.59609375 0.3671875 0.04375 0.0625
0 0.62265625 0.42109375 0.046875 0.06953125
0 0.59765625 0.45234375 0.05625 0.07578125
0 0.5734375 0.4828125 0.05078125 0.06953125
0 0.5234375 0.459375 0.04375 0.06171875
0 0.52578125 0.546875 0.04765625 0.0703125
0 0.478125 0.6078125 0.0453125 0.071875
0 0.44921875 0.55 0.0421875 0.06484375
0 0.42265625 0.5796875 0.04375 0.06796875
0 0.4015625 0.7125 0.046875 0.07890625
0 0.3703125 0.734375 0.05234375 0.08515625
0 0.3484375 0.6703125 0.04140625 0.075
0 0.3015625 0.73515625 0.0390625 0.06875
0 0.37109375 0.89921875 0.05546875 0.09296875
0 0.40546875 0.965625 0.0640625 0.06796875
0 0.23828125 0.89140625 0.053125 0.0953125
0 0.21796875 0.8671875 0.04609375 0.08125
0 0.25546875 0.63359375 0.03515625 0.07421875
0 0.32421875 0.54609375 0.0421875 0.06953125
0 0.3484375 0.5171875 0.04375 0.07421875
0 0.38359375 0.3953125 0.040625 0.0578125
0 0.40703125 0.3640625 0.0421875 0.0640625
0 0.43203125 0.34375 0.03515625 0.0546875
0 0.46484375 0.371875 0.04140625 0.0671875
0 0.56171875 0.26640625 0.0390625 0.0625
0 0.58359375 0.24140625 0.04765625 0.0671875
0 0.62734375 0.19140625 0.03828125 0.05546875
0 0.5484375 0.21015625 0.04453125 0.05625
0 0.52421875 0.2359375 0.04375 0.0578125
0 0.45390625 0.3109375 0.03984375 0.0546875
0 0.3390625 0.45 0.0421875 0.06015625
0 0.2953125 0.50625 0.03984375 0.06171875
0 0.21953125 0.4828125 0.04375 0.0671875
0 0.23359375 0.44765625 0.0375 0.06796875
0 0.25 0.41953125 0.0390625 0.065625
0 0.31015625 0.34375 0.040625 0.07109375
0 0.3328125 0.32109375 0.0375 0.0625
0 0.35703125 0.28984375 0.0390625 0.06328125
0 0.378125 0.25859375 0.0453125 0.0765625
0 0.48671875 0.10703125 0.06640625 0.103125
0 0.5125 0.0875 0.04453125 0.06484375
0 0.15703125 0.734375 0.0421875 0.05859375
0 0.15859375 0.69296875 0.05234375 0.046875
0 0.16640625 0.6140625 0.0421875 0.04765625
0 0.190625 0.53515625 0.04140625 0.0640625
0 0.08828125 0.62890625 0.03203125 0.0890625
0 0.08515625 0.80078125 0.03125 0.0859375
0 0.115625 0.90546875 0.0390625 0.08203125
0 0.240625 0.278125 0.05 0.07890625
0 0.12578125 0.2796875 0.040625 0.07421875
0 0.0734375 0.32109375 0.0359375 0.065625
0 0.0765625 0.26953125 0.04375 0.07734375
0 0.13828125 0.1890625 0.04140625 0.06328125
0 0.19140625 0.15 0.03828125 0.08046875
0 0.24765625 0.1125 0.04375 0.07734375
0 0.228125 0.06484375 0.06484375 0.11171875
0 0.28828125 0.02734375 0.040625 0.0546875
0 0.86796875 0.04140625 0.05234375 0.0578125
0 0.97890625 0.159375 0.0421875 0.0640625