0 0.5125 0.08125 0.071875 0.1
0 0.24296875 0.28671875 0.05 0.078125
0 0.11171875 0.56328125 0.0421875 0.0921875
0 0.04609375 0.5703125 0.040625 0.075
0 0.12890625 0.94453125 0.0421875 0.07890625
0 0.3 0.7375 0.040625 0.06953125
0 0.34453125 0.66953125 0.04921875 0.0734375
0 0.36875 0.7390625 0.053125 0.084375
0 0.47578125 0.61171875 0.04609375 0.07109375
0 0.44765625 0.55 0.040625 0.065625
0 0.5203125 0.4578125 0.04609375 0.06875
0 0.5703125 0.48515625 0.0546875 0.0734375
0 0.62109375 0.421875 0.0484375 0.0734375
0 0.59296875 0.365625 0.04609375 0.07265625
0 0.71953125 0.30234375 0.05078125 0.07578125
0 0.76640625 0.4265625 0.0546875 0.075
0 0.740625 0.4546875 0.0578125 0.07890625
0 0.80546875 0.56015625 0.05546875 0.07734375
0 0.85703125 0.49140625 0.06171875 0.08203125
0 0.9390625 0.6015625 0.05546875 0.09921875
0 0.8796875 0.6921875 0.05390625 0.103125
0 0.82421875 0.76328125 0.0546875 0.09765625
0 0.6421875 0.78125 0.05390625 0.08359375
0 0.61171875 0.621875 0.05390625 0.07421875
0 0.665625 0.55625 0.05546875 0.06875
0 0.85625 0.30390625 0.0546875 0.0625
0 0.621875 0.190625 0.0421875 0.06015625
0 0.58046875 0.24296875 0.0453125 0.06640625
0 0.559375 0.26875 0.0375 0.059375
0 0.52109375 0.23671875 0.03984375 0.05546875
0 0.375 0.26015625 0.04609375 0.075
0 0.35546875 0.290625 0.03984375 0.06015625
0 0.24921875 0.421875 0.0390625 0.06640625
0 0.23359375 0.45078125 0.03984375 0.065625
0 0.21796875 0.484375 0.04140625 0.06484375
0 0.18828125 0.53671875 0.04296875 0.06875
0 0.1671875 0.6140625 0.04296875 0.0515625
0 0.159375 0.69296875 0.05390625 0.05546875
0 0.15703125 0.7359375 0.04296875 0.06015625
0 0.3453125 0.5203125 0.04609375 0.06953125
0 0.3375 0.45234375 0.040625 0.0578125
0 0.3796875 0.39609375 0.04609375 0.0625
0 0.40546875 0.36796875 0.0375 0.0640625
0 0.42734375 0.34140625 0.040625 0.06484375
0 0.4625 0.37578125 0.04453125 0.06875
0 0.44140625 0.39921875 0.04375 0.06953125
0 0.42109375 0.58046875 0.04609375 0.0734375