0 0.178125 0.6703125 0.1140625 0.20234375
0 0.35234375 0.69921875 0.0859375 0.20390625
0 0.425 0.6 0.078125 0.15390625
0 0.521875 0.49375 0.14375 0.10703125
0 0.53984375 0.575 0.1390625 0.115625
0 0.6125 0.7625 0.153125 0.1234375
0 0.66484375 0.859375 0.15625 0.13359375
0 0.88984375 0.50625 0.1296875 0.121875
0 0.85 0.43359375 0.134375 0.11328125
0 0.7203125 0.25546875 0.11875 0.09140625
0 0.69375 0.19375 0.09921875 0.08984375
0 0.64140625 0.1 0.090625 0.07890625
0 0.609375 0.05859375 0.09296875 0.07109375
0 0.403125 0.15546875 0.10390625 0.07578125
0 0.428125 0.209375 0.1015625 0.084375
0 0.453125 0.3109375 0.06796875 0.10703125
0 0.3 0.1921875 0.05625 0.1078125
0 0.17265625 0.2421875 0.059375 0.140625
0 0.09375 0.02109375 0.08359375 0.04140625
0 0.01953125 0.0296875 0.0390625 0.059375
0 0.80390625 0.37421875 0.10546875 0.0984375
0 0.08828125 0.66875 0.115625 0.2
0 0.0734375 0.55625 0.10078125 0.1625