0 0.32109375 0.5109375 0.0671875 0.0765625
0 0.2609375 0.49765625 0.0578125 0.07578125
0 0.30703125 0.66171875 0.06484375 0.07734375
0 0.346875 0.77734375 0.08515625 0.103125
0 0.1359375 0.74296875 0.06953125 0.10078125
0 0.08515625 0.8609375 0.06875 0.10546875
0 0.14609375 0.66015625 0.06171875 0.0890625
0 0.128125 0.59375 0.05390625 0.0828125
0 0.371875 0.40546875 0.05234375 0.0734375
0 0.428125 0.3703125 0.04453125 0.06640625
0 0.5375 0.5828125 0.0609375 0.0796875
0 0.5984375 0.51953125 0.05 0.06796875
0 0.70546875 0.3984375 0.05234375 0.05546875
0 0.53125 0.2984375 0.04453125 0.0625
0 0.46953125 0.3375 0.0484375 0.06328125
0 0.3984375 0.25234375 0.05 0.05625
0 0.38203125 0.31796875 0.04921875 0.0578125
0 0.35078125 0.33125 0.046875 0.05546875
0 0.32578125 0.35546875 0.0390625 0.0546875
0 0.303125 0.375 0.03984375 0.05390625
0 0.2796875 0.39375 0.0375 0.0640625
0 0.2546875 0.41015625 0.0359375 0.0671875
0 0.2265625 0.43125 0.040625 0.0609375
0 0.203125 0.45 0.0359375 0.06171875
0 0.1734375 0.47109375 0.0390625 0.06015625
0 0.1453125 0.49375 0.03203125 0.06875
0 0.1171875 0.51484375 0.034375 0.065625
0 0.0890625 0.53515625 0.03125 0.06953125
0 0.06484375 0.5578125 0.03125 0.0671875
0 0.0359375 0.5765625 0.03125 0.06640625
0 0.01171875 0.5921875 0.0234375 0.075
0 0.02734375 0.465625 0.025 0.06015625
0 0.05859375 0.4515625 0.02890625 0.06171875
0 0.084375 0.42578125 0.02890625 0.065625
0 0.109375 0.4125 0.02734375 0.046875
0 0.14140625 0.384375 0.03125 0.06484375
0 0.165625 0.36484375 0.03203125 0.059375
0 0.19296875 0.3578125 0.03125 0.04765625
0 0.21796875 0.33984375 0.03125 0.05625
0 0.24609375 0.31171875 0.02890625 0.04453125
0 0.27265625 0.29296875 0.0296875 0.05234375
0 0.2921875 0.284375 0.034375 0.04921875
0 0.31328125 0.26875 0.0390625 0.04765625
0 0.8203125 0.2625 0.046875 0.06875
0 0.1984375 0.31015625 0.03359375 0.05
0 0.17421875 0.32421875 0.02734375 0.0484375
0 0.146875 0.33359375 0.0265625 0.0515625
0 0.1171875 0.359375 0.02734375 0.05078125
0 0.09453125 0.37265625 0.0296875 0.04765625
0 0.0625 0.40078125 0.02890625 0.053125
0 0.225 0.2859375 0.0359375 0.0484375
0 0.246875 0.26953125 0.03515625 0.04921875
0 0.2671875 0.25078125 0.02890625 0.0484375
0 0.2859375 0.24140625 0.0390625 0.0421875
0 0.31015625 0.228125 0.034375 0.0515625
0 0.28125 0.21640625 0.034375 0.05078125
0 0.23125 0.2015625 0.03828125 0.05078125
0 0.0953125 0.3015625 0.03828125 0.0390625
0 0.2734375 0.1546875 0.03359375 0.03828125
0 0.24921875 0.1671875 0.03125 0.0375
0 0.0421875 0.33671875 0.02890625 0.05078125
0 0.07109375 0.31328125 0.0359375 0.04765625
0 0.0609375 0.29140625 0.0328125 0.059375
0 0.1296875 0.26484375 0.03828125 0.03671875
0 0.109375 0.284375 0.03671875 0.0375
0 0.14296875 0.25078125 0.03984375 0.0265625
0 0.16015625 0.2359375 0.03671875 0.03828125
0 0.1734375 0.22265625 0.040625 0.04453125
0 0.18984375 0.20859375 0.03828125 0.034375
0 0.20703125 0.190625 0.0328125 0.03984375
0 0.69296875 0.19375 0.0296875 0.04296875
0 0.52421875 0.18671875 0.03515625 0.03984375
0 0.49296875 0.08125 0.0375 0.028125
0 0.46171875 0.08671875 0.0328125 0.04375
0 0.6125 0.12421875 0.02734375 0.03671875
0 0.56953125 0.1359375 0.03671875 0.040625
0 0.5515625 0.14765625 0.03125 0.04296875