0 0.0203125 0.83515625 0.01640625 0.02265625
0 0.21484375 0.7375 0.0234375 0.0265625
0 0.36875 0.62734375 0.02421875 0.0328125
0 0.46015625 0.59453125 0.02265625 0.03203125
0 0.1859375 0.88671875 0.01640625 0.04140625
0 0.12265625 0.95546875 0.02109375 0.034375
0 0.2265625 0.93984375 0.03125 0.04140625
0 0.21015625 0.8734375 0.01640625 0.04296875
0 0.2234375 0.86171875 0.015625 0.04375
0 0.2359375 0.853125 0.015625 0.0453125
0 0.33046875 0.86171875 0.02265625 0.046875
0 0.415625 0.7296875 0.0203125 0.03671875
0 0.46015625 0.68984375 0.021875 0.03515625
0 0.4171875 0.93125 0.02421875 0.0453125
0 0.49296875 0.8765625 0.02265625 0.0390625
0 0.51015625 0.86328125 0.02109375 0.0390625
0 0.53359375 0.8375 0.02734375 0.040625
0 0.5484375 0.82421875 0.0234375 0.04609375
0 0.60546875 0.77265625 0.025 0.0390625
0 0.53828125 0.6171875 0.0375 0.06015625
0 0.53203125 0.5375 0.0203125 0.02421875
0 0.64453125 0.6875 0.0265625 0.04296875
0 0.63125 0.671875 0.0296875 0.05234375
0 0.70546875 0.68671875 0.0234375 0.034375
0 0.82265625 0.9359375 0.0265625 0.06171875
0 0.784375 0.8296875 0.02109375 0.03046875
0 0.80234375 0.91484375 0.0203125 0.04296875
0 0.85234375 0.828125 0.01875 0.03515625
0 0.93515625 0.93828125 0.01953125 0.0359375
0 0.93125 0.9546875 0.021875 0.03125
0 0.92421875 0.96953125 0.02109375 0.03046875
0 0.91484375 0.99140625 0.01875 0.0171875
0 0.884375 0.6421875 0.03359375 0.0484375
0 0.93828125 0.67734375 0.0171875 0.02890625
0 0.9859375 0.71640625 0.01484375 0.02734375
0 0.97890625 0.65078125 0.0171875 0.0265625
0 0.92734375 0.6421875 0.01171875 0.01875
0 0.96875 0.675 0.0109375 0.0265625
0 0.93671875 0.65 0.00859375 0.02734375
0 0.94375 0.65546875 0.009375 0.028125
0 0.95078125 0.66328125 0.01015625 0.02265625
0 0.99140625 0.69609375 0.0109375 0.02578125
0 0.984375 0.6890625 0.009375 0.02734375
0 0.97578125 0.68203125 0.009375 0.02578125
0 0.58671875 0.38828125 0.01484375 0.0265625
0 0.65859375 0.4578125 0.0171875 0.02578125
0 0.7796875 0.434375 0.01484375 0.01875