0 0.3453125 0.76015625 0.0515625 0.0578125
0 0.28828125 0.7984375 0.0484375 0.071875
0 0.21953125 0.8375 0.0515625 0.071875
0 0.1203125 0.91953125 0.0453125 0.0734375
0 0.04921875 0.97734375 0.03359375 0.0453125
0 0.428125 0.909375 0.0609375 0.1046875
0 0.55546875 0.759375 0.0421875 0.06796875
0 0.6578125 0.86484375 0.0453125 0.0765625
0 0.73671875 0.840625 0.0359375 0.06875
0 0.69140625 0.78984375 0.03984375 0.078125
0 0.71875 0.7359375 0.0296875 0.06015625
0 0.64296875 0.7015625 0.0375 0.065625
0 0.4953125 0.62578125 0.0359375 0.05859375
0 0.47578125 0.60703125 0.03671875 0.0515625
0 0.5078125 0.56328125 0.02578125 0.0546875
0 0.53203125 0.590625 0.03125 0.04921875
0 0.59375 0.7015625 0.0359375 0.0640625
0 0.665625 0.66875 0.03671875 0.05625
0 0.67890625 0.64921875 0.0328125 0.0515625
0 0.68984375 0.62578125 0.0328125 0.0546875
0 0.70546875 0.61484375 0.02890625 0.04609375
0 0.71171875 0.59296875 0.034375 0.0484375
0 0.72109375 0.57734375 0.02890625 0.04375
0 0.725 0.55625 0.025 0.0421875
0 0.734375 0.54453125 0.02734375 0.0453125
0 0.746875 0.5390625 0.02734375 0.0421875
0 0.75390625 0.52890625 0.0265625 0.03515625
0 0.76015625 0.51796875 0.02265625 0.0390625
0 0.79609375 0.55703125 0.0171875 0.02890625
0 0.8046875 0.5359375 0.01640625 0.0328125
0 0.8125 0.5140625 0.01484375 0.03125
0 0.634375 0.5859375 0.0328125 0.04609375
0 0.5265625 0.55234375 0.02421875 0.05
0 0.5421875 0.540625 0.02109375 0.0453125
0 0.559375 0.5234375 0.0203125 0.04140625
0 0.57421875 0.50703125 0.02265625 0.04296875
0 0.5875 0.496875 0.02265625 0.040625
0 0.5984375 0.48828125 0.0234375 0.0390625
0 0.62421875 0.5015625 0.0234375 0.03828125
0 0.6453125 0.4796875 0.02265625 0.034375
0 0.60859375 0.4765625 0.02109375 0.0359375
0 0.61953125 0.46796875 0.0203125 0.03671875
0 0.5984375 0.44921875 0.0234375 0.0328125
0 0.63203125 0.45546875 0.0203125 0.0390625
0 0.64140625 0.44609375 0.0171875 0.0359375
0 0.659375 0.42734375 0.0171875 0.03046875
0 0.68125 0.44140625 0.0171875 0.02734375
0 0.69609375 0.42265625 0.01953125 0.03125
0 0.7375 0.41875 0.015625 0.02578125
0 0.759375 0.4640625 0.02421875 0.0359375
0 0.78125 0.425 0.015625 0.0265625
0 0.66953125 0.42109375 0.01796875 0.03046875
0 0.67734375 0.41171875 0.01640625 0.03125
0 0.68359375 0.409375 0.0171875 0.02890625
0 0.690625 0.40078125 0.01484375 0.03046875
0 0.696875 0.39609375 0.0171875 0.02734375
0 0.70390625 0.38984375 0.01640625 0.0296875
0 0.709375 0.3859375 0.01796875 0.028125
0 0.71484375 0.37890625 0.01640625 0.02578125
0 0.7203125 0.3734375 0.01640625 0.02734375
0 0.81171875 0.40859375 0.01640625 0.0265625
0 0.82734375 0.4765625 0.0140625 0.0265625
0 0.83359375 0.45703125 0.01171875 0.02109375