0 0.4546875 0.8953125 0.05390625 0.09765625
0 0.48125 0.92578125 0.05078125 0.096875
0 0.5109375 0.95546875 0.05546875 0.08828125
0 0.4296875 0.86328125 0.05390625 0.09296875
0 0.403125 0.8296875 0.053125 0.09375
0 0.321875 0.83828125 0.046875 0.071875
0 0.29765625 0.86796875 0.0453125 0.0734375
0 0.43671875 0.61796875 0.03984375 0.0546875
0 0.40859375 0.54609375 0.034375 0.05078125
0 0.34375 0.5234375 0.03671875 0.05625
0 0.26875 0.44921875 0.021875 0.03515625
0 0.24140625 0.39375 0.0203125 0.0328125
0 0.21640625 0.4 0.0203125 0.034375
0 0.446875 0.52265625 0.040625 0.04453125
0 0.47265625 0.49140625 0.059375 0.08125
0 0.49453125 0.55625 0.03984375 0.0484375
0 0.5296875 0.54140625 0.04140625 0.05078125
0 0.54375 0.58984375 0.04296875 0.0515625
0 0.57890625 0.5859375 0.040625 0.04765625
0 0.6171875 0.57421875 0.040625 0.046875
0 0.63046875 0.63125 0.04765625 0.05390625
0 0.58828125 0.63359375 0.04609375 0.0609375
0 0.66015625 0.68984375 0.05078125 0.0609375
0 0.690625 0.6796875 0.04453125 0.0609375
0 0.7203125 0.7359375 0.04765625 0.0625
0 0.75078125 0.72109375 0.0484375 0.06484375
0 0.7796875 0.79140625 0.04921875 0.06015625
0 0.8265625 0.76015625 0.09140625 0.11171875
0 0.8515625 0.8421875 0.046875 0.06171875
0 0.55546875 0.9765625 0.0390625 0.04609375
0 0.5484375 0.4984375 0.04921875 0.0703125
0 0.1328125 0.584375 0.0328125 0.04765625
0 0.121875 0.56796875 0.02890625 0.03984375
0 0.10625 0.56015625 0.0265625 0.04609375
0 0.109375 0.5328125 0.03203125 0.0421875
0 0.31328125 0.365625 0.03125 0.0296875
0 0.38671875 0.27890625 0.02109375 0.0328125
0 0.2140625 0.36484375 0.01640625 0.028125
0 0.1921875 0.36875 0.01875 0.03203125
0 0.17109375 0.34453125 0.021875 0.0390625
0 0.096875 0.440625 0.02109375 0.04296875