0 0.50703125 0.5015625 0.06328125 0.06484375
0 0.5015625 0.57890625 0.059375 0.09453125
0 0.278125 0.571875 0.03984375 0.0953125
0 0.11796875 0.7203125 0.0265625 0.1140625
0 0.15 0.78984375 0.046875 0.07890625
0 0.26796875 0.8203125 0.06875 0.11015625
0 0.1890625 0.875 0.06015625 0.08984375
0 0.1109375 0.92578125 0.0375 0.0734375
0 0.7484375 0.34296875 0.03046875 0.0625
0 0.79140625 0.2796875 0.03359375 0.0546875
0 0.94375 0.21484375 0.03125 0.04296875
0 0.8734375 0.12890625 0.028125 0.0421875
0 0.90859375 0.1125 0.02734375 0.04609375
0 0.934375 0.096875 0.0203125 0.04453125
0 0.98828125 0.26171875 0.0234375 0.05546875