0 0.06953125 0.94609375 0.0359375 0.05703125
0 0.1515625 0.8875 0.04296875 0.0640625
0 0.25546875 0.82109375 0.0515625 0.06484375
0 0.2046875 0.915625 0.0484375 0.06953125
0 0.22421875 0.96484375 0.05625 0.06875
0 0.37578125 0.734375 0.05234375 0.065625
0 0.47421875 0.653125 0.0484375 0.059375
0 0.440625 0.73828125 0.05 0.06640625
0 0.4984375 0.75546875 0.04453125 0.06953125
0 0.56796875 0.58125 0.04140625 0.059375
0 0.615625 0.6 0.0375 0.04609375
0 0.63515625 0.52109375 0.03203125 0.04296875
0 0.6984375 0.46171875 0.02421875 0.03515625
0 0.70078125 0.503125 0.028125 0.0375
0 0.690625 0.55546875 0.02890625 0.046875
0 0.72890625 0.86796875 0.040625 0.08359375
0 0.6796875 0.94609375 0.04921875 0.0828125
0 0.790625 0.9234375 0.04140625 0.08671875
0 0.840625 0.66953125 0.034375 0.0421875
0 0.88125 0.56953125 0.021875 0.04375
0 0.8328125 0.5109375 0.02109375 0.034375
0 0.81875 0.53828125 0.0234375 0.0375
0 0.77734375 0.4203125 0.0203125 0.03046875
0 0.7953125 0.4359375 0.0171875 0.028125
0 0.75390625 0.48828125 0.02578125 0.03125
0 0.73359375 0.4328125 0.0234375 0.03984375
0 0.771875 0.39375 0.0203125 0.03046875
0 0.8796875 0.42109375 0.0125 0.02734375
0 0.865625 0.34453125 0.01015625 0.0203125
0 0.8515625 0.33828125 0.01328125 0.0203125
0 0.828125 0.33828125 0.01484375 0.02265625
0 0.8109375 0.35703125 0.015625 0.01875
0 0.90546875 0.65859375 0.02578125 0.03671875
0 0.08828125 0.384375 0.04375 0.084375
0 0.040625 0.45078125 0.01796875 0.0328125
0 0.09296875 0.4203125 0.01796875 0.0359375
0 0.18515625 0.3546875 0.01953125 0.0265625
0 0.21484375 0.340625 0.02109375 0.0375
0 0.26796875 0.2984375 0.0484375 0.05
0 0.303125 0.29375 0.01953125 0.028125