0 0.7859375 0.853125 0.07734375 0.109375
0 0.75078125 0.92109375 0.07421875 0.10390625
0 0.6875 0.78203125 0.07265625 0.0890625
0 0.6265625 0.82265625 0.071875 0.09609375
0 0.5390625 0.740625 0.06484375 0.08828125
0 0.4609375 0.68671875 0.05859375 0.08359375
0 0.39921875 0.61640625 0.05 0.06953125
0 0.325 0.56875 0.0421875 0.06328125
0 0.28671875 0.52421875 0.0375 0.05546875
0 0.25 0.48671875 0.03359375 0.05859375
0 0.2203125 0.45390625 0.03203125 0.04765625
0 0.47734375 0.18984375 0.0296875 0.04609375
0 0.50703125 0.15546875 0.025 0.0421875
0 0.53515625 0.1265625 0.02734375 0.04375
0 0.5625 0.10234375 0.02734375 0.0390625
0 0.58828125 0.08203125 0.01328125 0.03046875
0 0.56953125 0.046875 0.0265625 0.0234375
0 0.6125 0.03671875 0.02734375 0.028125
0 0.63125 0.0234375 0.02578125 0.0265625
0 0.53203125 0.04609375 0.02421875 0.02421875
0 0.28046875 0.22578125 0.02421875 0.03125
0 0.2609375 0.21875 0.02265625 0.0328125
0 0.26484375 0.15546875 0.0234375 0.03671875
0 0.23203125 0.2078125 0.0234375 0.03515625
0 0.22578125 0.2046875 0.02265625 0.0390625
0 0.2140625 0.2 0.0203125 0.0421875
0 0.2515625 0.14375 0.0234375 0.03984375