0 0.36875 0.16484375 0.04375 0.1328125
0 0.39921875 0.20625 0.0234375 0.07109375
0 0.4015625 0.1609375 0.02265625 0.05
0 0.4125 0.09375 0.021875 0.05703125
0 0.4828125 0.17265625 0.01875 0.04765625
0 0.4828125 0.065625 0.01796875 0.0453125
0 0.4140625 0.05625 0.021875 0.0375
0 0.7546875 0.56015625 0.03203125 0.08671875
0 0.72734375 0.503125 0.025 0.0859375
0 0.7015625 0.453125 0.03515625 0.0875
0 0.68125 0.38515625 0.04375 0.06953125
0 0.66328125 0.346875 0.04921875 0.06328125
0 0.65625 0.3109375 0.05 0.0546875
0 0.6484375 0.278125 0.05234375 0.06328125
0 0.64609375 0.246875 0.04609375 0.034375
0 0.63125 0.21640625 0.03984375 0.04765625
0 0.62734375 0.184375 0.040625 0.05625
0 0.625 0.1671875 0.0375 0.040625
0 0.615625 0.14453125 0.0390625 0.05234375
0 0.61171875 0.1046875 0.04140625 0.03828125
0 0.60390625 0.07265625 0.03203125 0.03359375
0 0.59765625 0.0546875 0.03828125 0.034375
0 0.69921875 0.13515625 0.03203125 0.0390625
0 0.70703125 0.16484375 0.03203125 0.0359375
0 0.71484375 0.18359375 0.03515625 0.03671875
0 0.7171875 0.209375 0.03046875 0.05078125
0 0.73515625 0.2359375 0.03046875 0.0453125
0 0.74375 0.259375 0.0296875 0.04765625
0 0.7515625 0.2921875 0.03515625 0.05390625
0 0.76328125 0.3390625 0.02109375 0.0734375
0 0.78984375 0.34921875 0.02109375 0.0640625
0 0.8203125 0.37421875 0.02578125 0.0671875
0 0.825 0.49453125 0.05234375 0.06171875
0 0.8640625 0.534375 0.0453125 0.053125
0 0.7890625 0.603125 0.028125 0.10546875
0 0.81953125 0.63359375 0.0265625 0.096875
0 0.84609375 0.6703125 0.028125 0.11015625
0 0.878125 0.70078125 0.0265625 0.10859375
0 0.91328125 0.73515625 0.03203125 0.10703125
0 0.94296875 0.7703125 0.028125 0.103125
0 0.8484375 0.40625 0.0234375 0.07109375
0 0.87265625 0.434375 0.02421875 0.08359375
0 0.8984375 0.4640625 0.0296875 0.0796875
0 0.92421875 0.4875 0.0265625 0.0703125
0 0.94921875 0.521875 0.02734375 0.07734375
0 0.9 0.56796875 0.046875 0.05390625
0 0.9234375 0.6078125 0.04375 0.0515625
0 0.94609375 0.63984375 0.04609375 0.0640625
0 0.97421875 0.6796875 0.0390625 0.05859375
0 0.98203125 0.62421875 0.0359375 0.059375
0 0.97890625 0.565625 0.0296875 0.07109375
0 0.4796875 0.021875 0.02109375 0.028125
0 0.41796875 0.02421875 0.02109375 0.0328125
0 0.5921875 0.03828125 0.03515625 0.03125
0 0.69296875 0.1109375 0.025 0.03984375
0 0.68203125 0.08828125 0.03359375 0.05
0 0.659375 0.059375 0.01953125 0.04765625
0 0.65234375 0.03828125 0.0171875 0.0390625