0 0.02109375 0.91640625 0.040625 0.0765625
0 0.06875 0.97421875 0.0515625 0.05078125
0 0.26796875 0.6984375 0.05625 0.06875
0 0.33515625 0.734375 0.059375 0.06640625
0 0.228125 0.5953125 0.0421875 0.04453125
0 0.20390625 0.675 0.05 0.053125
0 0.10078125 0.6140625 0.03828125 0.05078125
0 0.02421875 0.49296875 0.02734375 0.040625
0 0.48828125 0.70390625 0.05390625 0.05625
0 0.68515625 0.846875 0.065625 0.06484375
0 0.7171875 0.9703125 0.071875 0.05859375
0 0.515625 0.546875 0.03515625 0.06640625
0 0.61015625 0.61328125 0.03359375 0.06640625
0 0.64140625 0.6171875 0.03671875 0.059375
0 0.671875 0.625 0.0359375 0.0609375
0 0.7046875 0.63203125 0.03046875 0.0625
0 0.73203125 0.64140625 0.028125 0.06484375
0 0.6390625 0.49296875 0.0421875 0.04921875
0 0.64609375 0.47265625 0.03671875 0.0453125
0 0.653125 0.45625 0.03046875 0.0421875
0 0.6578125 0.4453125 0.0390625 0.0453125
0 0.6609375 0.425 0.0375 0.03984375
0 0.67265625 0.40703125 0.028125 0.0359375
0 0.6234375 0.409375 0.02109375 0.03828125
0 0.49296875 0.4703125 0.04296875 0.0375
0 0.47265625 0.5 0.04140625 0.040625
0 0.4421875 0.5203125 0.04375 0.04453125
0 0.5359375 0.384375 0.06328125 0.065625
0 0.50625 0.45390625 0.04609375 0.04453125
0 0.51328125 0.43828125 0.046875 0.0390625
0 0.56484375 0.35234375 0.0375 0.02890625
0 0.63828125 0.3765625 0.02421875 0.0375
0 0.64765625 0.35 0.0203125 0.034375
0 0.67734375 0.3734375 0.0375 0.0359375
0 0.684375 0.34921875 0.0328125 0.034375
0 0.946875 0.84765625 0.05390625 0.0578125
0 0.79375 0.746875 0.05546875 0.0640625
0 0.76171875 0.65703125 0.0203125 0.06640625
0 0.7875 0.66171875 0.02578125 0.06171875
0 0.81875 0.671875 0.021875 0.0671875
0 0.84609375 0.68125 0.02421875 0.0640625
0 0.875 0.6875 0.0234375 0.06953125
0 0.90234375 0.6984375 0.02421875 0.06640625
0 0.92421875 0.7015625 0.028125 0.07265625
0 0.94765625 0.7109375 0.0234375 0.06953125
0 0.971875 0.71640625 0.02421875 0.0734375
0 0.98984375 0.71875 0.0203125 0.06953125
0 0.97421875 0.6140625 0.021875 0.05078125
0 0.9703125 0.57578125 0.01953125 0.046875
0 0.98828125 0.5796875 0.0234375 0.05
0 0.94375 0.575 0.0203125 0.0578125
0 0.946875 0.61953125 0.02265625 0.05625
0 0.92578125 0.62109375 0.02578125 0.0546875
0 0.90078125 0.59375 0.02265625 0.06328125
0 0.9203125 0.5640625 0.02109375 0.05859375
0 0.8953125 0.55 0.02109375 0.0578125
0 0.86875 0.54375 0.0171875 0.0546875
0 0.8796875 0.58984375 0.0171875 0.059375
0 0.846875 0.58203125 0.0203125 0.0546875
0 0.8234375 0.571875 0.0203125 0.06484375
0 0.79296875 0.5625 0.02421875 0.06015625
0 0.76328125 0.54765625 0.0234375 0.05859375
0 0.8140625 0.528125 0.02109375 0.053125
0 0.75 0.503125 0.04296875 0.04296875
0 0.7421875 0.48046875 0.0484375 0.0515625
0 0.77265625 0.4578125 0.03984375 0.03984375
0 0.73203125 0.4625 0.040625 0.0390625
0 0.73359375 0.43984375 0.03671875 0.03125
0 0.7265625 0.42421875 0.0375 0.0390625
0 0.70078125 0.415625 0.01875 0.0375
0 0.7375 0.3734375 0.03125 0.02734375
0 0.73515625 0.39140625 0.034375 0.0265625
0 0.73125 0.40390625 0.03671875 0.03359375
0 0.86953125 0.47734375 0.0296875 0.04453125
0 0.8859375 0.4734375 0.0265625 0.04765625
0 0.90703125 0.478125 0.02890625 0.04375
0 0.9234375 0.4765625 0.02578125 0.04296875
0 0.9390625 0.47734375 0.0296875 0.04375
0 0.95546875 0.47890625 0.0265625 0.0421875
0 0.96953125 0.47578125 0.028125 0.0484375
0 0.9828125 0.47578125 0.02109375 0.0421875
0 0.846875 0.46875 0.02265625 0.03984375
0 0.84765625 0.43671875 0.03359375 0.03125
0 0.803125 0.39296875 0.0203125 0.03515625
0 0.8125 0.375 0.01640625 0.03828125
0 0.840625 0.39609375 0.03359375 0.02265625
0 0.840625 0.415625 0.03359375 0.0234375
0 0.61015625 0.46328125 0.0265625 0.04453125
0 0.7703125 0.4390625 0.03515625 0.02734375
0 0.7703125 0.4234375 0.03359375 0.025
0 0.77265625 0.3984375 0.0359375 0.0328125
0 0.77421875 0.38359375 0.03671875 0.028125
0 0.78046875 0.3625 0.02734375 0.03203125
0 0.8 0.3546875 0.021875 0.02734375
0 0.7640625 0.34296875 0.02421875 0.0265625
0 0.74921875 0.31796875 0.02890625 0.02734375
0 0.74765625 0.33359375 0.028125 0.025