0 0.2796875 0.6625 0.06015625 0.07734375
0 0.29921875 0.69921875 0.059375 0.07109375
0 0.3203125 0.7328125 0.0609375 0.08828125
0 0.36171875 0.7859375 0.06953125 0.103125
0 0.3875 0.84375 0.06796875 0.1046875
0 0.42421875 0.88671875 0.06484375 0.109375
0 0.49765625 0.95703125 0.07265625 0.0859375
0 0.2796875 0.928125 0.10078125 0.14375
0 0.2015625 0.775 0.07421875 0.1796875
0 0.20859375 0.53359375 0.05 0.06328125
0 0.17890625 0.46953125 0.0421875 0.05859375
0 0.16796875 0.45234375 0.0421875 0.05234375
0 0.15 0.421875 0.0359375 0.05078125
0 0.125 0.3703125 0.0328125 0.05
0 0.08671875 0.4578125 0.02265625 0.065625
0 0.0578125 0.33359375 0.015625 0.03515625
0 0.32734375 0.26328125 0.0328125 0.04453125
0 0.2953125 0.22421875 0.025 0.03515625
0 0.2125 0.15625 0.015625 0.02734375