0 0.1296875 0.596875 0.0390625 0.0515625
0 0.14140625 0.51328125 0.03671875 0.05
0 0.08984375 0.6671875 0.0421875 0.0625
0 0.03984375 0.6828125 0.03515625 0.0609375
0 0.04140625 0.63828125 0.03515625 0.05625
0 0.5046875 0.43359375 0.0453125 0.0453125
0 0.603125 0.51328125 0.046875 0.06328125
0 0.75703125 0.659375 0.04609375 0.075
0 0.796875 0.6421875 0.0484375 0.07265625
0 0.7296875 0.48125 0.0328125 0.04921875
0 0.78984375 0.53984375 0.040625 0.0546875
0 0.84140625 0.58828125 0.03515625 0.05546875
0 0.8921875 0.6 0.0359375 0.05390625
0 0.9015625 0.646875 0.03828125 0.059375
0 0.93515625 0.6484375 0.03125 0.04921875
0 0.940625 0.6890625 0.03359375 0.05625
0 0.971875 0.6921875 0.0328125 0.053125
0 0.98359375 0.7328125 0.0328125 0.05625
0 0.76171875 0.46953125 0.09921875 0.121875
0 0.36484375 0.44375 0.0453125 0.06015625
0 0.284375 0.46328125 0.03359375 0.0453125
0 0.23515625 0.5359375 0.04296875 0.06640625
0 0.2 0.49765625 0.034375 0.053125
0 0.23515625 0.3484375 0.02578125 0.03828125
0 0.33671875 0.36796875 0.0390625 0.04375
0 0.371875 0.37734375 0.053125 0.065625
0 0.46171875 0.28984375 0.03203125 0.03984375
0 0.52265625 0.26484375 0.03203125 0.0375
0 0.4015625 0.22109375 0.01796875 0.0265625
0 0.81171875 0.4921875 0.02734375 0.05625
0 0.83359375 0.54609375 0.0390625 0.05546875
0 0.6828125 0.190625 0.01796875 0.02265625
0 0.6859375 0.175 0.01640625 0.01796875
0 0.603125 0.17109375 0.01796875 0.0234375
0 0.57734375 0.18125 0.0203125 0.02265625
0 0.55546875 0.17578125 0.01953125 0.0203125
0 0.62265625 0.1625 0.01796875 0.02109375