0 0.45078125 0.8515625 0.11015625 0.165625
0 0.52265625 0.9296875 0.05546875 0.06796875
0 0.3578125 0.8171875 0.04609375 0.05546875
0 0.4625 0.68984375 0.028125 0.05078125
0 0.45546875 0.61796875 0.028125 0.04453125
0 0.59609375 0.64921875 0.03515625 0.05
0 0.65703125 0.534375 0.02890625 0.0421875
0 0.8890625 0.696875 0.0421875 0.04296875
0 0.94140625 0.68984375 0.04375 0.0484375
0 0.965625 0.72578125 0.05234375 0.05859375
0 0.51328125 0.465625 0.03359375 0.0484375
0 0.53984375 0.47265625 0.02890625 0.0390625
0 0.359375 0.5453125 0.04140625 0.04375
0 0.2078125 0.51171875 0.040625 0.04140625
0 0.140625 0.5234375 0.065625 0.07578125
0 0.0890625 0.515625 0.0390625 0.0484375
0 0.05078125 0.5078125 0.034375 0.0453125
0 0.240625 0.425 0.03515625 0.03984375
0 0.5984375 0.48125 0.03046875 0.04375
0 0.6234375 0.45859375 0.02578125 0.05078125
0 0.5625 0.446875 0.0265625 0.03828125
0 0.56484375 0.41328125 0.05859375 0.06953125
0 0.59375 0.42578125 0.0234375 0.0359375
0 0.615625 0.41171875 0.025 0.03515625
0 0.603125 0.446875 0.02890625 0.04296875
0 0.57265625 0.47578125 0.02734375 0.04140625
0 0.64296875 0.41328125 0.025 0.03203125
0 0.66484375 0.42109375 0.0234375 0.03515625
0 0.6859375 0.40546875 0.02578125 0.0359375
0 0.70234375 0.38828125 0.021875 0.03203125
0 0.71875 0.37109375 0.02265625 0.0375
0 0.66796875 0.36953125 0.02421875 0.03515625
0 0.64296875 0.3875 0.02265625 0.0328125
0 0.6625 0.39375 0.02421875 0.03828125
0 0.76953125 0.38203125 0.02109375 0.0296875
0 0.78359375 0.4234375 0.02109375 0.03125
0 0.82890625 0.36015625 0.0265625 0.04453125
0 0.86796875 0.3265625 0.0171875 0.0265625
0 0.2625 0.37578125 0.03203125 0.03359375
0 0.28984375 0.35859375 0.02734375 0.03125
0 0.33125 0.35078125 0.0265625 0.03125
0 0.34765625 0.3625 0.025 0.0265625
0 0.3515625 0.32421875 0.025 0.03203125
0 0.38125 0.334375 0.0265625 0.02890625
0 0.40625 0.321875 0.025 0.02734375
0 0.390625 0.29921875 0.02578125 0.0265625
0 0.43046875 0.3 0.025 0.0296875
0 0.45 0.28828125 0.02578125 0.02734375
0 0.4734375 0.27890625 0.02421875 0.028125
0 0.46484375 0.259375 0.021875 0.021875
0 0.4859375 0.24921875 0.01953125 0.02265625
0 0.06171875 0.4515625 0.0328125 0.034375