0 0.021875 0.921875 0.04296875 0.07578125
0 0.05078125 0.88671875 0.065625 0.0671875
0 0.09296875 0.8578125 0.0625 0.071875
0 0.13046875 0.83046875 0.0625 0.0609375
0 0.08515625 0.95625 0.04765625 0.08203125
0 0.1578125 0.79765625 0.05625 0.06328125
0 0.18515625 0.77265625 0.05859375 0.05078125
0 0.22265625 0.73828125 0.05625 0.06328125
0 0.2796875 0.77578125 0.059375 0.08984375
0 0.26484375 0.696875 0.0703125 0.078125
0 0.30703125 0.665625 0.05625 0.05625
0 0.38203125 0.6421875 0.046875 0.075
0 0.33828125 0.640625 0.046875 0.06328125
0 0.375 0.615625 0.0453125 0.05625
0 0.396875 0.5953125 0.0515625 0.05390625
0 0.41796875 0.57578125 0.04765625 0.05234375
0 0.45078125 0.5515625 0.046875 0.04765625
0 0.47421875 0.525 0.046875 0.05390625
0 0.5 0.5140625 0.05078125 0.03984375
0 0.5140625 0.50234375 0.046875 0.046875
0 0.5203125 0.490625 0.04375 0.05546875
0 0.5390625 0.47109375 0.0390625 0.034375
0 0.5625 0.45703125 0.04609375 0.04140625
0 0.58203125 0.4984375 0.0328125 0.0515625
0 0.6375 0.471875 0.0328125 0.05234375
0 0.66328125 0.49140625 0.03046875 0.0453125
0 0.66640625 0.96015625 0.0671875 0.0796875
0 0.684375 0.9359375 0.05546875 0.09375
0 0.70703125 0.8921875 0.06171875 0.10390625
0 0.80546875 0.6765625 0.0453125 0.0609375
0 0.8375 0.72578125 0.03359375 0.0765625
0 0.78671875 0.69921875 0.046875 0.0609375
0 0.88359375 0.6609375 0.03125 0.0609375
0 0.90234375 0.63203125 0.04140625 0.05390625
0 0.91015625 0.6125 0.0390625 0.05859375
0 0.93515625 0.55546875 0.0421875 0.04140625
0 0.6875 0.38515625 0.02578125 0.05
0 0.60703125 0.3796875 0.034375 0.034375
0 0.57578125 0.37265625 0.02890625 0.025
0 0.54375 0.35859375 0.03359375 0.03671875
0 0.55 0.3984375 0.03125 0.04453125
0 0.53125 0.39140625 0.02734375 0.03984375
0 0.51484375 0.384375 0.03125 0.03828125
0 0.721875 0.38203125 0.0203125 0.03828125
0 0.82890625 0.39140625 0.034375 0.0296875
0 0.76953125 0.3625 0.01953125 0.034375
0 0.80625 0.2828125 0.0203125 0.04296875
0 0.82109375 0.303125 0.021875 0.02734375
0 0.89921875 0.36328125 0.02578125 0.03828125
0 0.89140625 0.378125 0.0203125 0.025
0 0.8578125 0.45390625 0.03125 0.04296875
0 0.86953125 0.4265625 0.03046875 0.0375
0 0.72578125 0.8609375 0.05234375 0.07890625
0 0.7625 0.9453125 0.0640625 0.10859375
0 0.8265625 0.5796875 0.02890625 0.0515625
0 0.5140625 0.34375 0.0265625 0.03984375